Date,Open,High,Low,Close,Volume
08/07/2025,52.0200,52.0200,52.0200,52.0200,0
08/08/2025,51.9500,51.9500,51.9500,51.9500,0
08/11/2025,50.1700,50.1700,50.1700,50.1700,0
08/12/2025,50.4500,50.4500,50.4500,50.4500,0
08/13/2025,49.7400,49.7400,49.7400,49.7400,0
08/14/2025,49.3400,49.3400,49.3400,49.3400,0
08/15/2025,50.1700,50.1700,50.1700,50.1700,0
08/18/2025,60.5300,60.5300,60.5300,60.5300,0
08/19/2025,52.1600,52.1600,52.1600,52.1600,0
08/20/2025,48.5900,48.5900,48.5900,48.5900,0
08/21/2025,46.2400,46.2400,46.2400,46.2400,0
08/22/2025,40.3400,40.3400,40.3400,40.3400,0
08/25/2025,52.6700,52.6700,52.6700,52.6700,0
08/26/2025,60.9300,60.9300,60.9300,60.9300,0
08/27/2025,44.6200,44.6200,44.6200,44.6200,0
08/28/2025,54.0800,54.0800,54.0800,54.0800,0
08/29/2025,53.7900,53.7900,53.7900,53.7900,0
09/02/2025,50.6900,50.6900,50.6900,50.6900,0
09/03/2025,58.4100,58.4100,58.4100,58.4100,0
09/04/2025,59.7900,59.7900,59.7900,59.7900,0
09/05/2025,58.1200,58.1200,58.1200,58.1200,0
09/08/2025,52.1900,52.1900,52.1900,52.1900,0
09/09/2025,55.2200,55.2200,55.2200,55.2200,0
09/10/2025,53.1800,53.1800,53.1800,53.1800,0
09/11/2025,52.9900,52.9900,52.9900,52.9900,0
09/12/2025,53.2700,53.2700,53.2700,53.2700,0
09/15/2025,53.7600,53.7600,53.7600,53.7600,0
09/16/2025,52.7800,52.7800,52.7800,52.7800,0
09/17/2025,52.5900,52.5900,52.5900,52.5900,0
09/18/2025,49.9500,49.9500,49.9500,49.9500,0
09/19/2025,50.8700,50.8700,50.8700,50.8700,0
09/22/2025,36.4000,36.4000,36.4000,36.4000,0
09/23/2025,35.9800,35.9800,35.9800,35.9800,0
09/24/2025,37.0700,37.0700,37.0700,37.0700,0
09/25/2025,35.3800,35.3800,35.3800,35.3800,0
09/26/2025,36.3500,36.3500,36.3500,36.3500,0
09/29/2025,35.5100,35.5100,35.5100,35.5100,0
09/30/2025,37.5700,37.5700,37.5700,37.5700,0
10/01/2025,37.4000,37.4000,37.4000,37.4000,0
10/02/2025,39.8700,39.8700,39.8700,39.8700,0
10/03/2025,39.2700,39.2700,39.2700,39.2700,0
10/06/2025,45.9900,45.9900,45.9900,45.9900,0
10/07/2025,55.0600,55.0600,55.0600,55.0600,0
10/08/2025,58.9100,58.9100,58.9100,58.9100,0
10/09/2025,64.6600,64.6600,64.6600,64.6600,0
10/10/2025,57.2100,57.2100,57.2100,57.2100,0
10/13/2025,53.9800,53.9800,53.9800,53.9800,0
10/14/2025,62.8400,62.8400,62.8400,62.8400,0
10/15/2025,59.0200,59.0200,59.0200,59.0200,0
10/16/2025,58.2600,58.2600,58.2600,58.2600,0
10/17/2025,53.6100,53.6100,53.6100,53.6100,0
10/20/2025,53.5200,53.5200,53.5200,53.5200,0
10/21/2025,41.5900,41.5900,41.5900,41.5900,0
10/22/2025,41.9200,41.9200,41.9200,41.9200,0
10/23/2025,44.1100,44.1100,44.1100,44.1100,0
10/24/2025,36.3100,36.3100,36.3100,36.3100,0
10/27/2025,41.9700,41.9700,41.9700,41.9700,0
10/28/2025,40.1000,40.1000,40.1000,40.1000,0
10/29/2025,49.1700,49.1700,49.1700,49.1700,0
10/30/2025,46.4200,46.4200,46.4200,46.4200,0
10/31/2025,42.5500,42.5500,42.5500,42.5500,0
11/03/2025,43.7500,43.7500,43.7500,43.7500,0
11/04/2025,39.9100,39.9100,39.9100,39.9100,0
11/05/2025,43.6300,43.6300,43.6300,43.6300,0
11/06/2025,54.0900,54.0900,54.0900,54.0900,0
11/07/2025,33.7500,33.7500,33.7500,33.7500,0
11/10/2025,42.5500,42.5500,42.5500,42.5500,0
11/11/2025,54.0900,54.0900,54.0900,54.0900,0
11/12/2025,40.9700,40.9700,40.9700,40.9700,0
11/13/2025,46.6900,46.6900,46.6900,46.6900,0
11/14/2025,42.1200,42.1200,42.1200,42.1200,0
11/17/2025,54.8100,54.8100,54.8100,54.8100,0
11/18/2025,48.4000,48.4000,48.4000,48.4000,0
11/19/2025,49.1100,49.1100,49.1100,49.1100,0
11/20/2025,42.6300,42.6300,42.6300,42.6300,0
11/21/2025,34.2000,34.2000,34.2000,34.2000,0
11/24/2025,46.7900,46.7900,46.7900,46.7900,0
11/25/2025,47.6900,47.6900,47.6900,47.6900,0
11/26/2025,44.0500,44.0500,44.0500,44.0500,0
11/28/2025,42.2400,42.2400,42.2400,42.2400,0
12/01/2025,47.0700,47.0700,47.0700,47.0700,0
12/02/2025,41.6100,41.6100,41.6100,41.6100,0
12/03/2025,40.7400,40.7400,40.7400,40.7400,0
12/04/2025,39.7600,39.7600,39.7600,39.7600,0
12/05/2025,38.9500,38.9500,38.9500,38.9500,0
12/08/2025,42.2100,42.2100,42.2100,42.2100,0
12/09/2025,40.8600,40.8600,40.8600,40.8600,0
12/10/2025,38.5800,38.5800,38.5800,38.5800,0
12/11/2025,47.6800,47.6800,47.6800,47.6800,0
12/12/2025,44.9500,44.9500,44.9500,44.9500,0
12/15/2025,31.6900,31.6900,31.6900,31.6900,0
12/16/2025,46.1700,46.1700,46.1700,46.1700,0
12/17/2025,45.2700,45.2700,45.2700,45.2700,0
12/18/2025,45.3100,45.3100,45.3100,45.3100,0
12/19/2025,48.9100,48.9100,48.9100,48.9100,0
12/22/2025,51.0600,51.0600,51.0600,51.0600,0
12/23/2025,43.6400,43.6400,43.6400,43.6400,0
12/24/2025,46.9200,46.9200,46.9200,46.9200,0
12/26/2025,48.4400,48.4400,48.4400,48.4400,0
12/29/2025,38.5000,38.5000,38.5000,38.5000,0
12/30/2025,37.7200,37.7200,37.7200,37.7200,0
12/31/2025,38.4200,38.4200,38.4200,38.4200,0
01/02/2026,43.5100,43.5100,43.5100,43.5100,0
01/05/2026,44.1400,44.1400,44.1400,44.1400,0
01/06/2026,41.4200,41.4200,41.4200,41.4200,0
01/07/2026,43.6400,43.6400,43.6400,43.6400,0
01/08/2026,40.5800,40.5800,40.5800,40.5800,0
01/09/2026,41.4500,41.4500,41.4500,41.4500,0
01/12/2026,52.4000,52.4000,52.4000,52.4000,0
01/13/2026,53.1100,53.1100,53.1100,53.1100,0
01/14/2026,57.7000,57.7000,57.7000,57.7000,0
01/15/2026,52.2300,52.2300,52.2300,52.2300,0
01/16/2026,44.5700,44.5700,44.5700,44.5700,0
01/20/2026,54.3800,54.3800,54.3800,54.3800,0
01/21/2026,52.7500,52.7500,52.7500,52.7500,0
01/22/2026,61.5000,61.5000,61.5000,61.5000,0
01/23/2026,54.3500,54.3500,54.3500,54.3500,0
01/26/2026,39.4600,39.4600,39.4600,39.4600,0
01/27/2026,36.9600,36.9600,36.9600,36.9600,0
01/28/2026,38.8300,38.8300,38.8300,38.8300,0
01/29/2026,36.5700,36.5700,36.5700,36.5700,0
01/30/2026,38.4800,38.4800,38.4800,38.4800,0
02/02/2026,49.4600,49.4600,49.4600,49.4600,0
02/03/2026,55.1900,55.1900,55.1900,55.1900,0
02/04/2026,39.1400,39.1400,39.1400,39.1400,0
02/05/2026,36.4600,36.4600,36.4600,36.4600,0
02/06/2026,51.2800,51.2800,51.2800,51.2800,0
02/09/2026,48.4500,48.4500,48.4500,48.4500,0
02/10/2026,60.8800,60.8800,60.8800,60.8800,0
02/11/2026,57.1800,57.1800,57.1800,57.1800,0
02/12/2026,61.6700,61.6700,61.6700,61.6700,0
02/13/2026,53.0300,53.0300,53.0300,53.0300,0
02/17/2026,54.2800,54.2800,54.2800,54.2800,0
02/18/2026,57.1600,57.1600,57.1600,57.1600,0
02/19/2026,56.8900,56.8900,56.8900,56.8900,0
02/20/2026,56.0800,56.0800,56.0800,56.0800,0
02/23/2026,53.4200,53.4200,53.4200,53.4200,0
02/24/2026,59.9400,59.9400,59.9400,59.9400,0
02/25/2026,55.6900,55.6900,55.6900,55.6900,0
02/26/2026,44.5400,44.5400,44.5400,44.5400,0
02/27/2026,37.5800,37.5800,37.5800,37.5800,0
03/02/2026,42.1400,42.1400,42.1400,42.1400,0
03/03/2026,39.9800,39.9800,39.9800,39.9800,0
03/04/2026,42.2500,42.2500,42.2500,42.2500,0
03/05/2026,47.1600,47.1600,47.1600,47.1600,0
03/06/2026,49.3500,49.3500,49.3500,49.3500,0
03/09/2026,44.4700,44.4700,44.4700,44.4700,0
03/10/2026,50.3100,50.3100,50.3100,50.3100,0
03/11/2026,38.1100,38.1100,38.1100,38.1100,0
03/12/2026,51.5900,51.5900,51.5900,51.5900,0
03/13/2026,43.8400,43.8400,43.8400,43.8400,0
03/16/2026,39.1500,39.1500,39.1500,39.1500,0
03/17/2026,46.3200,46.3200,46.3200,46.3200,0
03/18/2026,44.1700,44.1700,44.1700,44.1700,0
03/19/2026,50.0100,50.0100,50.0100,50.0100,0
03/20/2026,48.1700,48.1700,48.1700,48.1700,0
03/23/2026,41.6000,41.6000,41.6000,41.6000,0
03/24/2026,46.9000,46.9000,46.9000,46.9000,0
03/25/2026,42.6200,42.6200,42.6200,42.6200,0
03/26/2026,41.4400,41.4400,41.4400,41.4400,0
03/27/2026,50.7300,50.7300,50.7300,50.7300,0
03/30/2026,51.3200,51.3200,51.3200,51.3200,0
03/31/2026,55.6600,55.6600,55.6600,55.6600,0
04/01/2026,62.8200,62.8200,62.8200,62.8200,0
04/02/2026,72.7000,72.7000,72.7000,72.7000,0
04/06/2026,56.7700,56.7700,56.7700,56.7700,0
04/07/2026,55.0600,55.0600,55.0600,55.0600,0
04/08/2026,56.1600,56.1600,56.1600,56.1600,0
04/09/2026,58.9800,58.9800,58.9800,58.9800,0
04/10/2026,51.7600,51.7600,51.7600,51.7600,0
04/13/2026,61.4500,61.4500,61.4500,61.4500,0
04/14/2026,62.2500,62.2500,62.2500,62.2500,0
04/15/2026,61.3700,61.3700,61.3700,61.3700,0
04/16/2026,63.2500,63.2500,63.2500,63.2500,0
04/17/2026,58.7000,58.7000,58.7000,58.7000,0
04/20/2026,52.0800,52.0800,52.0800,52.0800,0
04/21/2026,58.9800,58.9800,58.9800,58.9800,0
04/22/2026,53.5800,53.5800,53.5800,53.5800,0
04/23/2026,64.0300,64.0300,64.0300,64.0300,0
04/24/2026,59.5400,59.5400,59.5400,59.5400,0
04/27/2026,61.9400,61.9400,61.9400,61.9400,0
04/28/2026,52.4200,52.4200,52.4200,52.4200,0
04/29/2026,51.3400,51.3400,51.3400,51.3400,0
04/30/2026,55.0400,55.0400,55.0400,55.0400,0
05/01/2026,58.2700,58.2700,58.2700,58.2700,0
05/04/2026,50.0700,50.0700,50.0700,50.0700,0
05/05/2026,51.8300,51.8300,51.8300,51.8300,0
05/06/2026,49.8000,49.8000,49.8000,49.8000,0
05/07/2026,60.1300,60.1300,60.1300,60.1300,0
05/08/2026,41.2200,41.2200,41.2200,41.2200,0
05/11/2026,58.0000,58.0000,58.0000,58.0000,0
05/12/2026,54.1700,54.1700,54.1700,54.1700,0
05/13/2026,56.2000,56.2000,56.2000,56.2000,0
05/14/2026,63.4100,63.4100,63.4100,63.4100,0
05/15/2026,53.4100,53.4100,53.4100,53.4100,0
05/18/2026,39.4100,39.4100,39.4100,39.4100,0
05/19/2026,37.5400,37.5400,37.5400,37.5400,0
05/20/2026,45.4000,45.4000,45.4000,45.4000,0
05/21/2026,46.1000,46.1000,46.1000,46.1000,0
05/22/2026,44.0300,44.0300,44.0300,44.0300,0
05/26/2026,49.4800,49.4800,49.4800,49.4800,0
05/27/2026,46.0400,46.0400,46.0400,46.0400,0
05/28/2026,48.9800,48.9800,48.9800,48.9800,0
05/29/2026,51.0900,51.0900,51.0900,51.0900,0
06/01/2026,57.4800,57.4800,57.4800,57.4800,0
06/02/2026,54.9800,54.9800,54.9800,54.9800,0
06/03/2026,48.5100,48.5100,48.5100,48.5100,0
06/04/2026,46.3200,46.3200,46.3200,46.3200,0
06/05/2026,44.3100,44.3100,44.3100,44.3100,0
06/08/2026,30.5400,30.5400,30.5400,30.5400,0
06/09/2026,42.5200,42.5200,42.5200,42.5200,0
06/10/2026,51.5800,51.5800,51.5800,51.5800,0
06/11/2026,40.9400,40.9400,40.9400,40.9400,0
06/12/2026,46.5800,46.5800,46.5800,46.5800,0
06/15/2026,47.1800,47.1800,47.1800,47.1800,0
06/16/2026,48.9300,48.9300,48.9300,48.9300,0
06/17/2026,43.8400,43.8400,43.8400,43.8400,0
06/18/2026,48.7900,48.7900,48.7900,48.7900,0
06/22/2026,51.1900,51.1900,51.1900,51.1900,0
06/23/2026,53.5300,53.5300,53.5300,53.5300,0
06/24/2026,44.9500,44.9500,44.9500,44.9500,0
06/25/2026,48.8600,48.8600,48.8600,48.8600,0
06/26/2026,51.0800,51.0800,51.0800,51.0800,0
06/29/2026,50.3700,50.3700,50.3700,50.3700,0
06/30/2026,56.2100,56.2100,56.2100,56.2100,0
07/01/2026,51.4000,51.4000,51.4000,51.4000,0
07/02/2026,44.6700,44.6700,44.6700,44.6700,0
07/06/2026,49.8100,49.8100,49.8100,49.8100,0
07/07/2026,47.1800,47.1800,47.1800,47.1800,0
07/08/2026,43.1100,43.1100,43.1100,43.1100,0
07/09/2026,40.7400,40.7400,40.7400,40.7400,0
07/10/2026,53.1500,53.1500,53.1500,53.1500,0
07/13/2026,48.1400,48.1400,48.1400,48.1400,0
07/14/2026,46.3300,46.3300,46.3300,46.3300,0
07/15/2026,48.8300,48.8300,48.8300,48.8300,0
07/16/2026,46.5700,46.5700,46.5700,46.5700,0
07/17/2026,41.7300,41.7300,41.7300,41.7300,0
07/20/2026,48.3300,48.3300,48.3300,48.3300,0
07/21/2026,50.1600,50.1600,50.1600,50.1600,0
07/22/2026,60.4400,60.4400,60.4400,60.4400,0
07/23/2026,59.6300,59.6300,59.6300,59.6300,0
07/24/2026,57.8700,57.8700,57.8700,57.8700,0
07/27/2026,54.6800,54.6800,54.6800,54.6800,0
07/28/2026,37.7800,37.7800,37.7800,37.7800,0
07/29/2026,40.5800,40.5800,40.5800,40.5800,0
07/30/2026,35.5800,35.5800,35.5800,35.5800,0
07/31/2026,55.1500,55.1500,55.1500,55.1500,0
08/03/2026,47.8100,47.8100,47.8100,47.8100,0
08/04/2026,48.8900,48.8900,48.8900,48.8900,0
08/05/2026,62.6000,62.6000,62.6000,62.6000,0
08/06/2026,44.8100,44.8100,44.8100,44.8100,0
