Date,Open,High,Low,Close,Volume
08/01/2025,91.2171,91.2171,91.2171,91.2171,0
08/04/2025,83.3466,83.3466,83.3466,83.3466,0
08/05/2025,83.8468,83.8468,83.8468,83.8468,0
08/06/2025,84.7073,84.7073,84.7073,84.7073,0
08/07/2025,84.5385,84.5385,84.5385,84.5385,0
08/08/2025,85.9111,85.9111,85.9111,85.9111,0
08/11/2025,89.7133,89.7133,89.7133,89.7133,0
08/12/2025,90.4732,90.4732,90.4732,90.4732,0
08/13/2025,83.6533,83.6533,83.6533,83.6533,0
08/14/2025,90.3487,90.3487,90.3487,90.3487,0
08/15/2025,84.5977,84.5977,84.5977,84.5977,0
08/18/2025,80.9585,80.9585,80.9585,80.9585,0
08/19/2025,81.3852,81.3852,81.3852,81.3852,0
08/20/2025,82.7439,82.7439,82.7439,82.7439,0
08/21/2025,82.5425,82.5425,82.5425,82.5425,0
08/22/2025,89.2082,89.2082,89.2082,89.2082,0
08/25/2025,81.7139,81.7139,81.7139,81.7139,0
08/26/2025,80.4335,80.4335,80.4335,80.4335,0
08/27/2025,96.6907,96.6907,96.6907,96.6907,0
08/28/2025,82.2466,82.2466,82.2466,82.2466,0
08/29/2025,95.0595,95.0595,95.0595,95.0595,0
09/02/2025,94.2604,94.2604,94.2604,94.2604,0
09/03/2025,95.1919,95.1919,95.1919,95.1919,0
09/04/2025,94.4994,94.4994,94.4994,94.4994,0
09/05/2025,94.3614,94.3614,94.3614,94.3614,0
09/08/2025,94.5554,94.5554,94.5554,94.5554,0
09/09/2025,94.9438,94.9438,94.9438,94.9438,0
09/10/2025,94.2094,94.2094,94.2094,94.2094,0
09/11/2025,93.4678,93.4678,93.4678,93.4678,0
09/12/2025,94.5587,94.5587,94.5587,94.5587,0
09/15/2025,94.2401,94.2401,94.2401,94.2401,0
09/16/2025,94.7670,94.7670,94.7670,94.7670,0
09/17/2025,94.7905,94.7905,94.7905,94.7905,0
09/18/2025,93.8642,93.8642,93.8642,93.8642,0
09/19/2025,94.2696,94.2696,94.2696,94.2696,0
09/22/2025,94.3280,94.3280,94.3280,94.3280,0
09/23/2025,92.1940,92.1940,92.1940,92.1940,0
09/24/2025,85.7907,85.7907,85.7907,85.7907,0
09/25/2025,93.8083,93.8083,93.8083,93.8083,0
09/26/2025,94.8855,94.8855,94.8855,94.8855,0
09/29/2025,91.8277,91.8277,91.8277,91.8277,0
09/30/2025,93.0027,93.0027,93.0027,93.0027,0
10/01/2025,94.1258,94.1258,94.1258,94.1258,0
10/02/2025,92.2160,92.2160,92.2160,92.2160,0
10/03/2025,92.5936,92.5936,92.5936,92.5936,0
10/06/2025,92.0666,92.0666,92.0666,92.0666,0
10/07/2025,92.5889,92.5889,92.5889,92.5889,0
10/08/2025,92.5530,92.5530,92.5530,92.5530,0
10/09/2025,92.0595,92.0595,92.0595,92.0595,0
10/10/2025,91.2725,91.2725,91.2725,91.2725,0
10/13/2025,91.7483,91.7483,91.7483,91.7483,0
10/14/2025,93.3660,93.3660,93.3660,93.3660,0
10/15/2025,92.1928,92.1928,92.1928,92.1928,0
10/16/2025,92.4929,92.4929,92.4929,92.4929,0
10/17/2025,86.2785,86.2785,86.2785,86.2785,0
10/20/2025,91.5462,91.5462,91.5462,91.5462,0
10/21/2025,91.1452,91.1452,91.1452,91.1452,0
10/22/2025,92.5363,92.5363,92.5363,92.5363,0
10/23/2025,91.7119,91.7119,91.7119,91.7119,0
10/24/2025,91.2159,91.2159,91.2159,91.2159,0
10/27/2025,91.2840,91.2840,91.2840,91.2840,0
10/28/2025,91.5015,91.5015,91.5015,91.5015,0
10/29/2025,88.7551,88.7551,88.7551,88.7551,0
10/30/2025,92.6032,92.6032,92.6032,92.6032,0
10/31/2025,84.5857,84.5857,84.5857,84.5857,0
11/03/2025,90.9413,90.9413,90.9413,90.9413,0
11/04/2025,87.8538,87.8538,87.8538,87.8538,0
11/05/2025,83.7146,83.7146,83.7146,83.7146,0
11/06/2025,93.0853,93.0853,93.0853,93.0853,0
11/07/2025,90.7721,90.7721,90.7721,90.7721,0
11/10/2025,93.5399,93.5399,93.5399,93.5399,0
11/11/2025,92.8205,92.8205,92.8205,92.8205,0
11/12/2025,90.8129,90.8129,90.8129,90.8129,0
11/13/2025,92.3607,92.3607,92.3607,92.3607,0
11/14/2025,93.0366,93.0366,93.0366,93.0366,0
11/17/2025,93.1975,93.1975,93.1975,93.1975,0
11/18/2025,92.0922,92.0922,92.0922,92.0922,0
11/19/2025,93.3590,93.3590,93.3590,93.3590,0
11/20/2025,90.4035,90.4035,90.4035,90.4035,0
11/21/2025,91.2190,91.2190,91.2190,91.2190,0
11/24/2025,90.6487,90.6487,90.6487,90.6487,0
11/25/2025,92.2591,92.2591,92.2591,92.2591,0
11/26/2025,92.0538,92.0538,92.0538,92.0538,0
11/28/2025,91.4495,91.4495,91.4495,91.4495,0
12/01/2025,91.9519,91.9519,91.9519,91.9519,0
12/02/2025,91.5528,91.5528,91.5528,91.5528,0
12/03/2025,84.2827,84.2827,84.2827,84.2827,0
12/04/2025,92.6239,92.6239,92.6239,92.6239,0
12/05/2025,91.4272,91.4272,91.4272,91.4272,0
12/08/2025,92.2571,92.2571,92.2571,92.2571,0
12/09/2025,91.0277,91.0277,91.0277,91.0277,0
12/10/2025,91.1088,91.1088,91.1088,91.1088,0
12/11/2025,92.0140,92.0140,92.0140,92.0140,0
12/12/2025,86.4757,86.4757,86.4757,86.4757,0
12/15/2025,91.1787,91.1787,91.1787,91.1787,0
12/16/2025,89.9922,89.9922,89.9922,89.9922,0
12/17/2025,92.6986,92.6986,92.6986,92.6986,0
12/18/2025,90.7569,90.7569,90.7569,90.7569,0
12/19/2025,92.4341,92.4341,92.4341,92.4341,0
12/22/2025,94.0976,94.0976,94.0976,94.0976,0
12/23/2025,92.6584,92.6584,92.6584,92.6584,0
12/24/2025,92.4335,92.4335,92.4335,92.4335,0
12/26/2025,89.1732,89.1732,89.1732,89.1732,0
12/29/2025,90.6263,90.6263,90.6263,90.6263,0
12/30/2025,91.5756,91.5756,91.5756,91.5756,0
12/31/2025,91.5707,91.5707,91.5707,91.5707,0
01/02/2026,91.7644,91.7644,91.7644,91.7644,0
01/05/2026,92.9393,92.9393,92.9393,92.9393,0
01/06/2026,92.5839,92.5839,92.5839,92.5839,0
01/07/2026,93.1870,93.1870,93.1870,93.1870,0
01/08/2026,94.0936,94.0936,94.0936,94.0936,0
01/09/2026,93.1819,93.1819,93.1819,93.1819,0
01/12/2026,93.9144,93.9144,93.9144,93.9144,0
01/13/2026,93.0635,93.0635,93.0635,93.0635,0
01/14/2026,91.4182,91.4182,91.4182,91.4182,0
01/15/2026,94.6644,94.6644,94.6644,94.6644,0
01/16/2026,89.2740,89.2740,89.2740,89.2740,0
01/20/2026,92.7602,92.7602,92.7602,92.7602,0
01/21/2026,92.1917,92.1917,92.1917,92.1917,0
01/22/2026,92.9081,92.9081,92.9081,92.9081,0
01/23/2026,94.3400,94.3400,94.3400,94.3400,0
01/26/2026,91.3162,91.3162,91.3162,91.3162,0
01/27/2026,92.5641,92.5641,92.5641,92.5641,0
01/28/2026,92.6251,92.6251,92.6251,92.6251,0
01/29/2026,93.4964,93.4964,93.4964,93.4964,0
01/30/2026,92.8811,92.8811,92.8811,92.8811,0
02/02/2026,92.5426,92.5426,92.5426,92.5426,0
02/03/2026,95.4686,95.4686,95.4686,95.4686,0
02/04/2026,95.7954,95.7954,95.7954,95.7954,0
02/05/2026,84.5497,84.5497,84.5497,84.5497,0
02/06/2026,91.5393,91.5393,91.5393,91.5393,0
02/09/2026,96.1518,96.1518,96.1518,96.1518,0
02/10/2026,95.3575,95.3575,95.3575,95.3575,0
02/11/2026,94.4190,94.4190,94.4190,94.4190,0
02/12/2026,94.7945,94.7945,94.7945,94.7945,0
02/13/2026,95.1810,95.1810,95.1810,95.1810,0
02/17/2026,94.8355,94.8355,94.8355,94.8355,0
02/18/2026,95.2523,95.2523,95.2523,95.2523,0
02/19/2026,96.1337,96.1337,96.1337,96.1337,0
02/20/2026,75.1363,75.1363,75.1363,75.1363,0
02/23/2026,95.4041,95.4041,95.4041,95.4041,0
02/24/2026,95.3116,95.3116,95.3116,95.3116,0
02/25/2026,94.5756,94.5756,94.5756,94.5756,0
02/26/2026,95.8796,95.8796,95.8796,95.8796,0
02/27/2026,95.8266,95.8266,95.8266,95.8266,0
03/02/2026,95.4181,95.4181,95.4181,95.4181,0
03/03/2026,93.4405,93.4405,93.4405,93.4405,0
03/04/2026,93.1621,93.1621,93.1621,93.1621,0
03/05/2026,88.2835,88.2835,88.2835,88.2835,0
03/06/2026,77.7749,77.7749,77.7749,77.7749,0
03/09/2026,95.2598,95.2598,95.2598,95.2598,0
03/10/2026,96.1926,96.1926,96.1926,96.1926,0
03/11/2026,96.1933,96.1933,96.1933,96.1933,0
03/12/2026,95.8693,95.8693,95.8693,95.8693,0
03/13/2026,96.1721,96.1721,96.1721,96.1721,0
03/16/2026,95.6640,95.6640,95.6640,95.6640,0
03/17/2026,95.7144,95.7144,95.7144,95.7144,0
03/18/2026,95.6017,95.6017,95.6017,95.6017,0
03/19/2026,90.9026,90.9026,90.9026,90.9026,0
03/20/2026,89.9365,89.9365,89.9365,89.9365,0
03/23/2026,95.5986,95.5986,95.5986,95.5986,0
03/24/2026,96.1156,96.1156,96.1156,96.1156,0
03/25/2026,95.7139,95.7139,95.7139,95.7139,0
03/26/2026,95.9768,95.9768,95.9768,95.9768,0
03/27/2026,95.2404,95.2404,95.2404,95.2404,0
03/30/2026,96.1861,96.1861,96.1861,96.1861,0
03/31/2026,96.5611,96.5611,96.5611,96.5611,0
04/01/2026,95.0496,95.0496,95.0496,95.0496,0
04/02/2026,96.4046,96.4046,96.4046,96.4046,0
04/06/2026,95.4270,95.4270,95.4270,95.4270,0
04/07/2026,90.1828,90.1828,90.1828,90.1828,0
04/08/2026,94.9454,94.9454,94.9454,94.9454,0
04/09/2026,93.5402,93.5402,93.5402,93.5402,0
04/10/2026,91.3964,91.3964,91.3964,91.3964,0
04/13/2026,86.9701,86.9701,86.9701,86.9701,0
04/14/2026,93.6566,93.6566,93.6566,93.6566,0
04/15/2026,95.7332,95.7332,95.7332,95.7332,0
04/16/2026,95.5269,95.5269,95.5269,95.5269,0
04/17/2026,93.9030,93.9030,93.9030,93.9030,0
04/20/2026,87.5412,87.5412,87.5412,87.5412,0
04/21/2026,93.3387,93.3387,93.3387,93.3387,0
04/22/2026,93.3554,93.3554,93.3554,93.3554,0
04/23/2026,94.2172,94.2172,94.2172,94.2172,0
04/24/2026,92.8021,92.8021,92.8021,92.8021,0
04/27/2026,95.1981,95.1981,95.1981,95.1981,0
04/28/2026,94.0187,94.0187,94.0187,94.0187,0
04/29/2026,94.7366,94.7366,94.7366,94.7366,0
04/30/2026,94.6586,94.6586,94.6586,94.6586,0
05/01/2026,95.2588,95.2588,95.2588,95.2588,0
05/04/2026,93.7392,93.7392,93.7392,93.7392,0
05/05/2026,95.3201,95.3201,95.3201,95.3201,0
05/06/2026,94.8287,94.8287,94.8287,94.8287,0
05/07/2026,94.0506,94.0506,94.0506,94.0506,0
05/08/2026,93.8663,93.8663,93.8663,93.8663,0
05/11/2026,94.1031,94.1031,94.1031,94.1031,0
05/12/2026,94.9156,94.9156,94.9156,94.9156,0
05/13/2026,94.6389,94.6389,94.6389,94.6389,0
05/14/2026,89.8344,89.8344,89.8344,89.8344,0
05/15/2026,94.9531,94.9531,94.9531,94.9531,0
05/18/2026,85.0254,85.0254,85.0254,85.0254,0
05/19/2026,93.5817,93.5817,93.5817,93.5817,0
05/20/2026,92.5304,92.5304,92.5304,92.5304,0
05/21/2026,89.2106,89.2106,89.2106,89.2106,0
05/22/2026,93.8453,93.8453,93.8453,93.8453,0
05/26/2026,93.7654,93.7654,93.7654,93.7654,0
05/27/2026,93.3714,93.3714,93.3714,93.3714,0
05/28/2026,90.8974,90.8974,90.8974,90.8974,0
05/29/2026,94.5552,94.5552,94.5552,94.5552,0
06/01/2026,91.2012,91.2012,91.2012,91.2012,0
06/02/2026,87.7193,87.7193,87.7193,87.7193,0
06/03/2026,91.4274,91.4274,91.4274,91.4274,0
06/04/2026,92.8335,92.8335,92.8335,92.8335,0
06/05/2026,85.8506,85.8506,85.8506,85.8506,0
06/08/2026,93.5291,93.5291,93.5291,93.5291,0
06/09/2026,90.7774,90.7774,90.7774,90.7774,0
06/10/2026,94.2883,94.2883,94.2883,94.2883,0
06/11/2026,93.1269,93.1269,93.1269,93.1269,0
06/12/2026,94.2576,94.2576,94.2576,94.2576,0
06/15/2026,87.5152,87.5152,87.5152,87.5152,0
06/16/2026,92.6440,92.6440,92.6440,92.6440,0
06/17/2026,94.3820,94.3820,94.3820,94.3820,0
06/18/2026,85.1056,85.1056,85.1056,85.1056,0
06/22/2026,93.0733,93.0733,93.0733,93.0733,0
06/23/2026,94.7868,94.7868,94.7868,94.7868,0
06/24/2026,84.3283,84.3283,84.3283,84.3283,0
06/25/2026,92.0448,92.0448,92.0448,92.0448,0
06/26/2026,93.9592,93.9592,93.9592,93.9592,0
06/29/2026,94.7251,94.7251,94.7251,94.7251,0
06/30/2026,93.4326,93.4326,93.4326,93.4326,0
07/01/2026,93.8532,93.8532,93.8532,93.8532,0
07/02/2026,85.0825,85.0825,85.0825,85.0825,0
07/06/2026,93.8532,93.8532,93.8532,93.8532,0
07/07/2026,95.2503,95.2503,95.2503,95.2503,0
07/08/2026,93.6619,93.6619,93.6619,93.6619,0
07/09/2026,92.4254,92.4254,92.4254,92.4254,0
07/10/2026,57.6695,57.6695,57.6695,57.6695,0
07/13/2026,94.1566,94.1566,94.1566,94.1566,0
07/14/2026,91.8234,91.8234,91.8234,91.8234,0
07/15/2026,94.5223,94.5223,94.5223,94.5223,0
07/16/2026,79.8435,79.8435,79.8435,79.8435,0
07/17/2026,77.5115,77.5115,77.5115,77.5115,0
07/20/2026,94.1884,94.1884,94.1884,94.1884,0
07/21/2026,91.9710,91.9710,91.9710,91.9710,0
07/22/2026,93.8586,93.8586,93.8586,93.8586,0
07/23/2026,94.6811,94.6811,94.6811,94.6811,0
07/24/2026,93.9233,93.9233,93.9233,93.9233,0
07/27/2026,94.6463,94.6463,94.6463,94.6463,0
07/28/2026,94.1081,94.1081,94.1081,94.1081,0
07/29/2026,92.5957,92.5957,92.5957,92.5957,0
07/30/2026,93.6667,93.6667,93.6667,93.6667,0
07/31/2026,93.7551,93.7551,93.7551,93.7551,0
