Date,Open,High,Low,Close,Volume
07/01/2025,70.9400,70.9400,70.9400,70.9400,0
07/02/2025,63.5700,63.5700,63.5700,63.5700,0
07/03/2025,66.9400,66.9400,66.9400,66.9400,0
07/07/2025,63.5800,63.5800,63.5800,63.5800,0
07/08/2025,64.7700,64.7700,64.7700,64.7700,0
07/09/2025,58.9600,58.9600,58.9600,58.9600,0
07/10/2025,56.0900,56.0900,56.0900,56.0900,0
07/11/2025,58.4600,58.4600,58.4600,58.4600,0
07/14/2025,33.6900,33.6900,33.6900,33.6900,0
07/15/2025,53.0600,53.0600,53.0600,53.0600,0
07/16/2025,53.1300,53.1300,53.1300,53.1300,0
07/17/2025,65.1300,65.1300,65.1300,65.1300,0
07/18/2025,61.4600,61.4600,61.4600,61.4600,0
07/21/2025,49.1900,49.1900,49.1900,49.1900,0
07/22/2025,66.2500,66.2500,66.2500,66.2500,0
07/23/2025,51.6600,51.6600,51.6600,51.6600,0
07/24/2025,56.5800,56.5800,56.5800,56.5800,0
07/25/2025,72.5400,72.5400,72.5400,72.5400,0
07/28/2025,56.8600,56.8600,56.8600,56.8600,0
07/29/2025,56.2600,56.2600,56.2600,56.2600,0
07/30/2025,56.5400,56.5400,56.5400,56.5400,0
07/31/2025,55.5300,55.5300,55.5300,55.5300,0
08/01/2025,79.8500,79.8500,79.8500,79.8500,0
08/04/2025,68.9700,68.9700,68.9700,68.9700,0
08/05/2025,63.7000,63.7000,63.7000,63.7000,0
08/06/2025,56.9900,56.9900,56.9900,56.9900,0
08/07/2025,83.0300,83.0300,83.0300,83.0300,0
08/08/2025,72.5300,72.5300,72.5300,72.5300,0
08/11/2025,66.7200,66.7200,66.7200,66.7200,0
08/12/2025,67.2000,67.2000,67.2000,67.2000,0
08/13/2025,79.1900,79.1900,79.1900,79.1900,0
08/14/2025,68.7500,68.7500,68.7500,68.7500,0
08/15/2025,65.5900,65.5900,65.5900,65.5900,0
08/18/2025,73.5900,73.5900,73.5900,73.5900,0
08/19/2025,78.9300,78.9300,78.9300,78.9300,0
08/20/2025,78.4000,78.4000,78.4000,78.4000,0
08/21/2025,45.5900,45.5900,45.5900,45.5900,0
08/22/2025,58.7500,58.7500,58.7500,58.7500,0
08/25/2025,56.9000,56.9000,56.9000,56.9000,0
08/26/2025,65.8500,65.8500,65.8500,65.8500,0
08/27/2025,47.4200,47.4200,47.4200,47.4200,0
08/28/2025,61.1700,61.1700,61.1700,61.1700,0
08/29/2025,40.7800,40.7800,40.7800,40.7800,0
09/02/2025,55.6100,55.6100,55.6100,55.6100,0
09/03/2025,49.2900,49.2900,49.2900,49.2900,0
09/04/2025,33.6500,33.6500,33.6500,33.6500,0
09/05/2025,59.1600,59.1600,59.1600,59.1600,0
09/08/2025,25.7500,25.7500,25.7500,25.7500,0
09/09/2025,48.1400,48.1400,48.1400,48.1400,0
09/10/2025,73.2100,73.2100,73.2100,73.2100,0
09/11/2025,78.6200,78.6200,78.6200,78.6200,0
09/12/2025,62.5100,62.5100,62.5100,62.5100,0
09/15/2025,70.9200,70.9200,70.9200,70.9200,0
09/16/2025,74.8600,74.8600,74.8600,74.8600,0
09/17/2025,79.8300,79.8300,79.8300,79.8300,0
09/18/2025,78.8800,78.8800,78.8800,78.8800,0
09/19/2025,81.2600,81.2600,81.2600,81.2600,0
09/22/2025,61.7000,61.7000,61.7000,61.7000,0
09/23/2025,63.6700,63.6700,63.6700,63.6700,0
09/24/2025,71.9000,71.9000,71.9000,71.9000,0
09/25/2025,61.5200,61.5200,61.5200,61.5200,0
09/26/2025,80.8200,80.8200,80.8200,80.8200,0
09/29/2025,66.8800,66.8800,66.8800,66.8800,0
09/30/2025,80.2100,80.2100,80.2100,80.2100,0
10/01/2025,66.1600,66.1600,66.1600,66.1600,0
10/02/2025,29.1900,29.1900,29.1900,29.1900,0
10/03/2025,48.1800,48.1800,48.1800,48.1800,0
10/06/2025,34.1200,34.1200,34.1200,34.1200,0
10/07/2025,48.5500,48.5500,48.5500,48.5500,0
10/08/2025,53.0000,53.0000,53.0000,53.0000,0
10/09/2025,62.8400,62.8400,62.8400,62.8400,0
10/10/2025,48.4100,48.4100,48.4100,48.4100,0
10/13/2025,56.7100,56.7100,56.7100,56.7100,0
10/14/2025,52.3500,52.3500,52.3500,52.3500,0
10/15/2025,52.9800,52.9800,52.9800,52.9800,0
10/16/2025,68.4400,68.4400,68.4400,68.4400,0
10/17/2025,77.5400,77.5400,77.5400,77.5400,0
10/20/2025,61.0400,61.0400,61.0400,61.0400,0
10/21/2025,57.9000,57.9000,57.9000,57.9000,0
10/22/2025,56.0500,56.0500,56.0500,56.0500,0
10/23/2025,48.5800,48.5800,48.5800,48.5800,0
10/24/2025,38.5300,38.5300,38.5300,38.5300,0
10/27/2025,48.3500,48.3500,48.3500,48.3500,0
10/28/2025,53.3400,53.3400,53.3400,53.3400,0
10/29/2025,43.9200,43.9200,43.9200,43.9200,0
10/30/2025,63.6400,63.6400,63.6400,63.6400,0
10/31/2025,25.8500,25.8500,25.8500,25.8500,0
11/03/2025,65.8500,65.8500,65.8500,65.8500,0
11/04/2025,66.2900,66.2900,66.2900,66.2900,0
11/05/2025,54.4800,54.4800,54.4800,54.4800,0
11/06/2025,67.3600,67.3600,67.3600,67.3600,0
11/07/2025,56.5000,56.5000,56.5000,56.5000,0
11/10/2025,39.3800,39.3800,39.3800,39.3800,0
11/11/2025,48.5700,48.5700,48.5700,48.5700,0
11/12/2025,37.7700,37.7700,37.7700,37.7700,0
11/13/2025,32.0800,32.0800,32.0800,32.0800,0
11/14/2025,37.1200,37.1200,37.1200,37.1200,0
11/17/2025,39.6700,39.6700,39.6700,39.6700,0
11/18/2025,59.5100,59.5100,59.5100,59.5100,0
11/19/2025,57.3700,57.3700,57.3700,57.3700,0
11/20/2025,56.2300,56.2300,56.2300,56.2300,0
11/21/2025,47.5300,47.5300,47.5300,47.5300,0
11/24/2025,53.1500,53.1500,53.1500,53.1500,0
11/25/2025,46.3700,46.3700,46.3700,46.3700,0
11/26/2025,66.7300,66.7300,66.7300,66.7300,0
11/28/2025,73.4600,73.4600,73.4600,73.4600,0
12/01/2025,69.7500,69.7500,69.7500,69.7500,0
12/02/2025,48.2300,48.2300,48.2300,48.2300,0
12/03/2025,65.4800,65.4800,65.4800,65.4800,0
12/04/2025,57.6500,57.6500,57.6500,57.6500,0
12/05/2025,56.3400,56.3400,56.3400,56.3400,0
12/08/2025,61.5100,61.5100,61.5100,61.5100,0
12/09/2025,56.0400,56.0400,56.0400,56.0400,0
12/10/2025,71.4200,71.4200,71.4200,71.4200,0
12/11/2025,68.9900,68.9900,68.9900,68.9900,0
12/12/2025,68.3700,68.3700,68.3700,68.3700,0
12/15/2025,64.4600,64.4600,64.4600,64.4600,0
12/16/2025,55.4100,55.4100,55.4100,55.4100,0
12/17/2025,78.0500,78.0500,78.0500,78.0500,0
12/18/2025,62.0300,62.0300,62.0300,62.0300,0
12/19/2025,65.3300,65.3300,65.3300,65.3300,0
12/22/2025,51.1200,51.1200,51.1200,51.1200,0
12/23/2025,64.3100,64.3100,64.3100,64.3100,0
12/24/2025,83.3100,83.3100,83.3100,83.3100,0
12/26/2025,58.5300,58.5300,58.5300,58.5300,0
12/29/2025,38.8600,38.8600,38.8600,38.8600,0
12/30/2025,44.4500,44.4500,44.4500,44.4500,0
12/31/2025,39.3000,39.3000,39.3000,39.3000,0
01/02/2026,63.0700,63.0700,63.0700,63.0700,0
01/05/2026,55.3500,55.3500,55.3500,55.3500,0
01/06/2026,62.8400,62.8400,62.8400,62.8400,0
01/07/2026,71.7900,71.7900,71.7900,71.7900,0
01/08/2026,65.3900,65.3900,65.3900,65.3900,0
01/09/2026,48.0600,48.0600,48.0600,48.0600,0
01/12/2026,68.7300,68.7300,68.7300,68.7300,0
01/13/2026,72.9700,72.9700,72.9700,72.9700,0
01/14/2026,66.9900,66.9900,66.9900,66.9900,0
01/15/2026,64.0400,64.0400,64.0400,64.0400,0
01/16/2026,54.9000,54.9000,54.9000,54.9000,0
01/20/2026,52.0800,52.0800,52.0800,52.0800,0
01/21/2026,74.1600,74.1600,74.1600,74.1600,0
01/22/2026,73.9400,73.9400,73.9400,73.9400,0
01/23/2026,71.5600,71.5600,71.5600,71.5600,0
01/26/2026,59.8100,59.8100,59.8100,59.8100,0
01/27/2026,57.3800,57.3800,57.3800,57.3800,0
01/28/2026,71.7300,71.7300,71.7300,71.7300,0
01/29/2026,61.9000,61.9000,61.9000,61.9000,0
01/30/2026,57.7900,57.7900,57.7900,57.7900,0
02/02/2026,57.8800,57.8800,57.8800,57.8800,0
02/03/2026,61.7900,61.7900,61.7900,61.7900,0
02/04/2026,42.4400,42.4400,42.4400,42.4400,0
02/05/2026,49.8700,49.8700,49.8700,49.8700,0
02/06/2026,44.1700,44.1700,44.1700,44.1700,0
02/09/2026,33.9300,33.9300,33.9300,33.9300,0
02/10/2026,49.5900,49.5900,49.5900,49.5900,0
02/11/2026,63.5300,63.5300,63.5300,63.5300,0
02/12/2026,72.0500,72.0500,72.0500,72.0500,0
02/13/2026,60.5100,60.5100,60.5100,60.5100,0
02/17/2026,77.0400,77.0400,77.0400,77.0400,0
02/18/2026,61.9200,61.9200,61.9200,61.9200,0
02/19/2026,74.2600,74.2600,74.2600,74.2600,0
02/20/2026,61.5800,61.5800,61.5800,61.5800,0
02/23/2026,60.6900,60.6900,60.6900,60.6900,0
02/24/2026,43.4000,43.4000,43.4000,43.4000,0
02/25/2026,49.7500,49.7500,49.7500,49.7500,0
02/26/2026,47.9900,47.9900,47.9900,47.9900,0
02/27/2026,41.6800,41.6800,41.6800,41.6800,0
03/02/2026,34.3600,34.3600,34.3600,34.3600,0
03/03/2026,50.5300,50.5300,50.5300,50.5300,0
03/04/2026,53.3100,53.3100,53.3100,53.3100,0
03/05/2026,35.3800,35.3800,35.3800,35.3800,0
03/06/2026,46.5100,46.5100,46.5100,46.5100,0
03/09/2026,34.0200,34.0200,34.0200,34.0200,0
03/10/2026,36.7600,36.7600,36.7600,36.7600,0
03/11/2026,46.0000,46.0000,46.0000,46.0000,0
03/12/2026,38.6900,38.6900,38.6900,38.6900,0
03/13/2026,31.1000,31.1000,31.1000,31.1000,0
03/16/2026,29.6700,29.6700,29.6700,29.6700,0
03/17/2026,22.5100,22.5100,22.5100,22.5100,0
03/18/2026,19.5600,19.5600,19.5600,19.5600,0
03/19/2026,28.7300,28.7300,28.7300,28.7300,0
03/20/2026,25.7200,25.7200,25.7200,25.7200,0
03/23/2026,27.3000,27.3000,27.3000,27.3000,0
03/24/2026,32.8400,32.8400,32.8400,32.8400,0
03/25/2026,31.6900,31.6900,31.6900,31.6900,0
03/26/2026,36.5400,36.5400,36.5400,36.5400,0
03/27/2026,41.1400,41.1400,41.1400,41.1400,0
03/30/2026,51.8900,51.8900,51.8900,51.8900,0
03/31/2026,49.0900,49.0900,49.0900,49.0900,0
04/01/2026,59.8000,59.8000,59.8000,59.8000,0
04/02/2026,57.2200,57.2200,57.2200,57.2200,0
04/06/2026,48.1100,48.1100,48.1100,48.1100,0
04/07/2026,66.2200,66.2200,66.2200,66.2200,0
04/08/2026,59.2200,59.2200,59.2200,59.2200,0
04/09/2026,60.6300,60.6300,60.6300,60.6300,0
04/10/2026,63.2800,63.2800,63.2800,63.2800,0
04/13/2026,46.9500,46.9500,46.9500,46.9500,0
04/14/2026,45.2600,45.2600,45.2600,45.2600,0
04/15/2026,57.0400,57.0400,57.0400,57.0400,0
04/16/2026,61.1800,61.1800,61.1800,61.1800,0
04/17/2026,58.5100,58.5100,58.5100,58.5100,0
04/20/2026,54.2800,54.2800,54.2800,54.2800,0
04/21/2026,55.0000,55.0000,55.0000,55.0000,0
04/22/2026,60.6100,60.6100,60.6100,60.6100,0
04/23/2026,60.7100,60.7100,60.7100,60.7100,0
04/24/2026,54.8000,54.8000,54.8000,54.8000,0
04/27/2026,43.2500,43.2500,43.2500,43.2500,0
04/28/2026,47.1700,47.1700,47.1700,47.1700,0
04/29/2026,52.1300,52.1300,52.1300,52.1300,0
04/30/2026,67.1900,67.1900,67.1900,67.1900,0
05/01/2026,62.3000,62.3000,62.3000,62.3000,0
05/04/2026,60.9900,60.9900,60.9900,60.9900,0
05/05/2026,70.8100,70.8100,70.8100,70.8100,0
05/06/2026,71.1700,71.1700,71.1700,71.1700,0
05/07/2026,62.9900,62.9900,62.9900,62.9900,0
05/08/2026,59.2600,59.2600,59.2600,59.2600,0
05/11/2026,53.8900,53.8900,53.8900,53.8900,0
05/12/2026,60.8100,60.8100,60.8100,60.8100,0
05/13/2026,51.4200,51.4200,51.4200,51.4200,0
05/14/2026,61.8000,61.8000,61.8000,61.8000,0
05/15/2026,61.7200,61.7200,61.7200,61.7200,0
05/18/2026,58.4400,58.4400,58.4400,58.4400,0
05/19/2026,54.3000,54.3000,54.3000,54.3000,0
05/20/2026,54.6000,54.6000,54.6000,54.6000,0
05/21/2026,63.6000,63.6000,63.6000,63.6000,0
05/22/2026,67.9100,67.9100,67.9100,67.9100,0
05/26/2026,57.9400,57.9400,57.9400,57.9400,0
05/27/2026,60.6500,60.6500,60.6500,60.6500,0
05/28/2026,69.2300,69.2300,69.2300,69.2300,0
05/29/2026,65.8100,65.8100,65.8100,65.8100,0
06/01/2026,61.6100,61.6100,61.6100,61.6100,0
06/02/2026,69.9900,69.9900,69.9900,69.9900,0
06/03/2026,66.0500,66.0500,66.0500,66.0500,0
06/04/2026,59.8800,59.8800,59.8800,59.8800,0
06/05/2026,45.7000,45.7000,45.7000,45.7000,0
06/08/2026,49.9400,49.9400,49.9400,49.9400,0
06/09/2026,39.5300,39.5300,39.5300,39.5300,0
06/10/2026,28.3600,28.3600,28.3600,28.3600,0
06/11/2026,62.0900,62.0900,62.0900,62.0900,0
06/12/2026,25.2100,25.2100,25.2100,25.2100,0
06/15/2026,51.6300,51.6300,51.6300,51.6300,0
06/16/2026,43.6200,43.6200,43.6200,43.6200,0
06/17/2026,49.5700,49.5700,49.5700,49.5700,0
06/18/2026,62.6500,62.6500,62.6500,62.6500,0
06/22/2026,63.6700,63.6700,63.6700,63.6700,0
06/23/2026,43.2800,43.2800,43.2800,43.2800,0
06/24/2026,45.0000,45.0000,45.0000,45.0000,0
06/25/2026,59.2500,59.2500,59.2500,59.2500,0
06/26/2026,47.5200,47.5200,47.5200,47.5200,0
06/29/2026,59.5200,59.5200,59.5200,59.5200,0
06/30/2026,61.6900,61.6900,61.6900,61.6900,0
