Date,Open,High,Low,Close,Volume
10/09/2024,45.1250,45.1250,45.1250,45.1250,0
10/10/2024,45.1250,45.1250,45.1250,45.1250,0
10/11/2024,45.1250,45.1250,45.1250,45.1250,0
10/14/2024,47.5625,47.5625,47.5625,47.5625,0
10/15/2024,48.3500,48.3500,48.3500,48.3500,0
10/16/2024,42.5000,42.5000,42.5000,42.5000,0
10/17/2024,48.0714,48.0714,48.0714,48.0714,0
10/18/2024,49.8125,49.8125,49.8125,49.8125,0
10/21/2024,51.1667,51.1667,51.1667,51.1667,0
10/22/2024,46.4000,46.4000,46.4000,46.4000,0
10/23/2024,42.5000,42.5000,42.5000,42.5000,0
10/24/2024,51.4375,51.4375,51.4375,51.4375,0
10/25/2024,49.2500,49.2500,49.2500,49.2500,0
10/28/2024,51.5536,51.5536,51.5536,51.5536,0
10/29/2024,52.5705,52.5705,52.5705,52.5705,0
10/30/2024,51.6864,51.6864,51.6864,51.6864,0
10/31/2024,48.3927,48.3927,48.3927,48.3927,0
11/01/2024,50.5884,50.5884,50.5884,50.5884,0
11/04/2024,54.6955,54.6955,54.6955,54.6955,0
11/05/2024,47.9687,47.9687,47.9687,47.9687,0
11/06/2024,61.1696,61.1696,61.1696,61.1696,0
11/07/2024,57.2275,57.2275,57.2275,57.2275,0
11/08/2024,56.2429,56.2429,56.2429,56.2429,0
11/11/2024,60.8120,60.8120,60.8120,60.8120,0
11/12/2024,50.9009,50.9009,50.9009,50.9009,0
11/13/2024,47.8100,47.8100,47.8100,47.8100,0
11/14/2024,51.6982,51.6982,51.6982,51.6982,0
11/15/2024,51.0195,51.0195,51.0195,51.0195,0
11/18/2024,61.9826,61.9826,61.9826,61.9826,0
11/19/2024,66.0981,66.0981,66.0981,66.0981,0
11/20/2024,66.9905,66.9905,66.9905,66.9905,0
11/21/2024,68.6906,68.6906,68.6906,68.6906,0
11/22/2024,69.9924,69.9924,69.9924,69.9924,0
11/25/2024,67.4914,67.4914,67.4914,67.4914,0
11/26/2024,62.9363,62.9363,62.9363,62.9363,0
11/27/2024,58.4518,58.4518,58.4518,58.4518,0
11/29/2024,57.3322,57.3322,57.3322,57.3322,0
12/02/2024,55.3285,55.3285,55.3285,55.3285,0
12/03/2024,56.3741,56.3741,56.3741,56.3741,0
12/04/2024,59.2575,59.2575,59.2575,59.2575,0
12/05/2024,54.8656,54.8656,54.8656,54.8656,0
12/06/2024,55.8983,55.8983,55.8983,55.8983,0
12/09/2024,47.3877,47.3877,47.3877,47.3877,0
12/10/2024,45.8927,45.8927,45.8927,45.8927,0
12/11/2024,60.6311,60.6311,60.6311,60.6311,0
12/12/2024,58.5937,58.5937,58.5937,58.5937,0
12/13/2024,58.3909,58.3909,58.3909,58.3909,0
12/16/2024,61.1346,61.1346,61.1346,61.1346,0
12/17/2024,54.1549,54.1549,54.1549,54.1549,0
12/18/2024,41.8406,41.8406,41.8406,41.8406,0
12/19/2024,44.8647,44.8647,44.8647,44.8647,0
12/20/2024,43.8470,43.8470,43.8470,43.8470,0
12/23/2024,51.9098,51.9098,51.9098,51.9098,0
12/24/2024,57.5822,57.5822,57.5822,57.5822,0
12/26/2024,51.5911,51.5911,51.5911,51.5911,0
12/27/2024,47.5658,47.5658,47.5658,47.5658,0
12/30/2024,44.6947,44.6947,44.6947,44.6947,0
12/31/2024,38.4645,38.4645,38.4645,38.4645,0
01/02/2025,41.9477,41.9477,41.9477,41.9477,0
01/03/2025,54.0943,54.0943,54.0943,54.0943,0
01/06/2025,39.4642,39.4642,39.4642,39.4642,0
01/07/2025,32.9796,32.9796,32.9796,32.9796,0
01/08/2025,35.7908,35.7908,35.7908,35.7908,0
01/10/2025,33.7006,33.7006,33.7006,33.7006,0
01/13/2025,35.7573,35.7573,35.7573,35.7573,0
01/14/2025,34.8217,34.8217,34.8217,34.8217,0
01/15/2025,43.4675,43.4675,43.4675,43.4675,0
01/16/2025,51.0667,51.0667,51.0667,51.0667,0
01/17/2025,63.1461,63.1461,63.1461,63.1461,0
01/21/2025,67.5148,67.5148,67.5148,67.5148,0
01/22/2025,69.8721,69.8721,69.8721,69.8721,0
01/23/2025,73.6473,73.6473,73.6473,73.6473,0
01/24/2025,69.8604,69.8604,69.8604,69.8604,0
01/27/2025,58.6691,58.6691,58.6691,58.6691,0
01/28/2025,61.8366,61.8366,61.8366,61.8366,0
01/29/2025,63.2337,63.2337,63.2337,63.2337,0
01/30/2025,63.3330,63.3330,63.3330,63.3330,0
01/31/2025,67.2368,67.2368,67.2368,67.2368,0
02/03/2025,62.2350,62.2350,62.2350,62.2350,0
02/04/2025,55.8034,55.8034,55.8034,55.8034,0
02/05/2025,60.3283,60.3283,60.3283,60.3283,0
02/06/2025,54.4385,54.4385,54.4385,54.4385,0
02/07/2025,40.6683,40.6683,40.6683,40.6683,0
02/10/2025,46.3341,46.3341,46.3341,46.3341,0
02/11/2025,37.6963,37.6963,37.6963,37.6963,0
02/12/2025,35.2074,35.2074,35.2074,35.2074,0
02/13/2025,35.7678,35.7678,35.7678,35.7678,0
02/14/2025,38.0527,38.0527,38.0527,38.0527,0
02/18/2025,38.3113,38.3113,38.3113,38.3113,0
02/19/2025,38.7308,38.7308,38.7308,38.7308,0
02/20/2025,30.8465,30.8465,30.8465,30.8465,0
02/21/2025,35.0396,35.0396,35.0396,35.0396,0
02/24/2025,31.3264,31.3264,31.3264,31.3264,0
02/25/2025,30.8234,30.8234,30.8234,30.8234,0
02/26/2025,33.1212,33.1212,33.1212,33.1212,0
02/27/2025,27.2103,27.2103,27.2103,27.2103,0
02/28/2025,33.8845,33.8845,33.8845,33.8845,0
03/03/2025,33.8816,33.8816,33.8816,33.8816,0
03/04/2025,34.7488,34.7488,34.7488,34.7488,0
03/05/2025,39.5393,39.5393,39.5393,39.5393,0
03/06/2025,35.8796,35.8796,35.8796,35.8796,0
03/07/2025,34.0306,34.0306,34.0306,34.0306,0
03/10/2025,34.5883,34.5883,34.5883,34.5883,0
03/11/2025,37.4821,37.4821,37.4821,37.4821,0
03/12/2025,37.6497,37.6497,37.6497,37.6497,0
03/13/2025,33.5302,33.5302,33.5302,33.5302,0
03/14/2025,41.7132,41.7132,41.7132,41.7132,0
03/17/2025,42.7432,42.7432,42.7432,42.7432,0
03/18/2025,38.1055,38.1055,38.1055,38.1055,0
03/19/2025,49.0311,49.0311,49.0311,49.0311,0
03/20/2025,46.4454,46.4454,46.4454,46.4454,0
03/21/2025,48.1834,48.1834,48.1834,48.1834,0
03/24/2025,58.5042,58.5042,58.5042,58.5042,0
03/25/2025,60.5397,60.5397,60.5397,60.5397,0
03/26/2025,58.7075,58.7075,58.7075,58.7075,0
03/27/2025,51.4407,51.4407,51.4407,51.4407,0
03/28/2025,46.6449,46.6449,46.6449,46.6449,0
03/31/2025,50.6493,50.6493,50.6493,50.6493,0
04/01/2025,52.2463,52.2463,52.2463,52.2463,0
04/02/2025,56.3853,56.3853,56.3853,56.3853,0
04/03/2025,38.0928,38.0928,38.0928,38.0928,0
04/04/2025,37.7265,37.7265,37.7265,37.7265,0
04/07/2025,37.6115,37.6115,37.6115,37.6115,0
04/08/2025,31.8327,31.8327,31.8327,31.8327,0
04/09/2025,46.5206,46.5206,46.5206,46.5206,0
04/10/2025,38.8654,38.8654,38.8654,38.8654,0
04/11/2025,40.2345,40.2345,40.2345,40.2345,0
04/14/2025,42.8136,42.8136,42.8136,42.8136,0
04/15/2025,45.4839,45.4839,45.4839,45.4839,0
04/16/2025,41.9821,41.9821,41.9821,41.9821,0
04/17/2025,44.1975,44.1975,44.1975,44.1975,0
04/21/2025,41.5999,41.5999,41.5999,41.5999,0
04/22/2025,44.2934,44.2934,44.2934,44.2934,0
04/23/2025,45.9587,45.9587,45.9587,45.9587,0
04/24/2025,55.5725,55.5725,55.5725,55.5725,0
04/25/2025,54.3182,54.3182,54.3182,54.3182,0
04/28/2025,59.2965,59.2965,59.2965,59.2965,0
04/29/2025,59.2180,59.2180,59.2180,59.2180,0
04/30/2025,57.4092,57.4092,57.4092,57.4092,0
05/01/2025,52.8659,52.8659,52.8659,52.8659,0
05/02/2025,60.4403,60.4403,60.4403,60.4403,0
05/05/2025,63.2013,63.2013,63.2013,63.2013,0
05/06/2025,56.7275,56.7275,56.7275,56.7275,0
05/07/2025,58.6881,58.6881,58.6881,58.6881,0
05/08/2025,59.5549,59.5549,59.5549,59.5549,0
05/09/2025,63.8919,63.8919,63.8919,63.8919,0
05/12/2025,71.1367,71.1367,71.1367,71.1367,0
05/13/2025,70.6316,70.6316,70.6316,70.6316,0
05/14/2025,66.7725,66.7725,66.7725,66.7725,0
05/15/2025,60.2934,60.2934,60.2934,60.2934,0
05/16/2025,65.9560,65.9560,65.9560,65.9560,0
05/19/2025,63.2667,63.2667,63.2667,63.2667,0
05/20/2025,61.2483,61.2483,61.2483,61.2483,0
05/21/2025,48.0130,48.0130,48.0130,48.0130,0
05/22/2025,47.8204,47.8204,47.8204,47.8204,0
05/23/2025,49.4909,49.4909,49.4909,49.4909,0
05/27/2025,53.1525,53.1525,53.1525,53.1525,0
05/28/2025,53.3294,53.3294,53.3294,53.3294,0
05/29/2025,52.9119,52.9119,52.9119,52.9119,0
05/30/2025,51.1172,51.1172,51.1172,51.1172,0
06/02/2025,46.5658,46.5658,46.5658,46.5658,0
06/03/2025,52.1054,52.1054,52.1054,52.1054,0
06/04/2025,57.0242,57.0242,57.0242,57.0242,0
06/05/2025,51.1230,51.1230,51.1230,51.1230,0
06/06/2025,52.0031,52.0031,52.0031,52.0031,0
06/09/2025,52.9249,52.9249,52.9249,52.9249,0
06/10/2025,47.8594,47.8594,47.8594,47.8594,0
06/11/2025,55.0664,55.0664,55.0664,55.0664,0
06/12/2025,57.3662,57.3662,57.3662,57.3662,0
06/13/2025,46.5714,46.5714,46.5714,46.5714,0
06/16/2025,48.2573,48.2573,48.2573,48.2573,0
06/17/2025,46.4462,46.4462,46.4462,46.4462,0
06/18/2025,52.6020,52.6020,52.6020,52.6020,0
06/20/2025,49.7955,49.7955,49.7955,49.7955,0
06/23/2025,45.1080,45.1080,45.1080,45.1080,0
06/24/2025,58.1972,58.1972,58.1972,58.1972,0
06/25/2025,52.3681,52.3681,52.3681,52.3681,0
06/26/2025,60.2636,60.2636,60.2636,60.2636,0
06/27/2025,56.5134,56.5134,56.5134,56.5134,0
06/30/2025,51.1247,51.1247,51.1247,51.1247,0
07/01/2025,51.2060,51.2060,51.2060,51.2060,0
07/02/2025,55.1078,55.1078,55.1078,55.1078,0
07/03/2025,56.2992,56.2992,56.2992,56.2992,0
07/07/2025,51.2740,51.2740,51.2740,51.2740,0
07/08/2025,51.5536,51.5536,51.5536,51.5536,0
07/09/2025,55.1848,55.1848,55.1848,55.1848,0
07/10/2025,58.7329,58.7329,58.7329,58.7329,0
07/11/2025,43.1379,43.1379,43.1379,43.1379,0
07/14/2025,55.9147,55.9147,55.9147,55.9147,0
07/15/2025,41.9586,41.9586,41.9586,41.9586,0
07/16/2025,61.6630,61.6630,61.6630,61.6630,0
07/17/2025,61.0946,61.0946,61.0946,61.0946,0
07/18/2025,59.4087,59.4087,59.4087,59.4087,0
07/21/2025,57.4049,57.4049,57.4049,57.4049,0
07/22/2025,51.1372,51.1372,51.1372,51.1372,0
07/23/2025,59.3794,59.3794,59.3794,59.3794,0
07/24/2025,56.0275,56.0275,56.0275,56.0275,0
07/25/2025,50.0759,50.0759,50.0759,50.0759,0
07/28/2025,48.1347,48.1347,48.1347,48.1347,0
07/29/2025,49.3092,49.3092,49.3092,49.3092,0
07/30/2025,43.9368,43.9368,43.9368,43.9368,0
07/31/2025,44.9787,44.9787,44.9787,44.9787,0
08/01/2025,35.5245,35.5245,35.5245,35.5245,0
08/04/2025,42.5011,42.5011,42.5011,42.5011,0
08/05/2025,41.6412,41.6412,41.6412,41.6412,0
08/06/2025,44.5325,44.5325,44.5325,44.5325,0
08/07/2025,34.5751,34.5751,34.5751,34.5751,0
08/08/2025,47.6932,47.6932,47.6932,47.6932,0
08/11/2025,47.5571,47.5571,47.5571,47.5571,0
08/12/2025,56.2468,56.2468,56.2468,56.2468,0
08/13/2025,48.5308,48.5308,48.5308,48.5308,0
08/14/2025,43.9943,43.9943,43.9943,43.9943,0
08/15/2025,36.7613,36.7613,36.7613,36.7613,0
08/18/2025,36.9800,36.9800,36.9800,36.9800,0
08/19/2025,33.5768,33.5768,33.5768,33.5768,0
08/20/2025,32.8598,32.8598,32.8598,32.8598,0
08/21/2025,40.7524,40.7524,40.7524,40.7524,0
08/22/2025,39.3286,39.3286,39.3286,39.3286,0
08/25/2025,38.0784,38.0784,38.0784,38.0784,0
08/26/2025,36.1823,36.1823,36.1823,36.1823,0
08/27/2025,41.8787,41.8787,41.8787,41.8787,0
08/28/2025,38.1488,38.1488,38.1488,38.1488,0
08/29/2025,40.7731,40.7731,40.7731,40.7731,0
09/02/2025,35.2131,35.2131,35.2131,35.2131,0
09/03/2025,34.8550,34.8550,34.8550,34.8550,0
09/04/2025,37.6721,37.6721,37.6721,37.6721,0
09/05/2025,32.4614,32.4614,32.4614,32.4614,0
09/08/2025,38.1518,38.1518,38.1518,38.1518,0
09/09/2025,34.6817,34.6817,34.6817,34.6817,0
09/10/2025,38.8024,38.8024,38.8024,38.8024,0
09/11/2025,42.0453,42.0453,42.0453,42.0453,0
09/12/2025,48.0002,48.0002,48.0002,48.0002,0
09/15/2025,47.8485,47.8485,47.8485,47.8485,0
09/16/2025,48.0595,48.0595,48.0595,48.0595,0
09/17/2025,48.3894,48.3894,48.3894,48.3894,0
09/18/2025,57.3810,57.3810,57.3810,57.3810,0
09/19/2025,53.6335,53.6335,53.6335,53.6335,0
09/22/2025,50.5046,50.5046,50.5046,50.5046,0
09/23/2025,53.6954,53.6954,53.6954,53.6954,0
09/24/2025,33.3624,33.3624,33.3624,33.3624,0
09/25/2025,37.6511,37.6511,37.6511,37.6511,0
09/26/2025,37.5655,37.5655,37.5655,37.5655,0
09/29/2025,38.5206,38.5206,38.5206,38.5206,0
09/30/2025,27.7303,27.7303,27.7303,27.7303,0
10/01/2025,29.5639,29.5639,29.5639,29.5639,0
10/02/2025,34.9880,34.9880,34.9880,34.9880,0
10/03/2025,35.8949,35.8949,35.8949,35.8949,0
10/06/2025,38.1363,38.1363,38.1363,38.1363,0
10/07/2025,34.6814,34.6814,34.6814,34.6814,0
10/08/2025,35.7530,35.7530,35.7530,35.7530,0
10/09/2025,31.6175,31.6175,31.6175,31.6175,0
10/10/2025,32.5946,32.5946,32.5946,32.5946,0
10/13/2025,35.1476,35.1476,35.1476,35.1476,0
10/14/2025,42.6589,42.6589,42.6589,42.6589,0
10/15/2025,49.3064,49.3064,49.3064,49.3064,0
10/16/2025,34.2754,34.2754,34.2754,34.2754,0
10/17/2025,35.7181,35.7181,35.7181,35.7181,0
10/20/2025,45.2886,45.2886,45.2886,45.2886,0
10/21/2025,54.2845,54.2845,54.2845,54.2845,0
10/22/2025,59.0702,59.0702,59.0702,59.0702,0
10/23/2025,47.2465,47.2465,47.2465,47.2465,0
10/24/2025,54.0874,54.0874,54.0874,54.0874,0
10/27/2025,59.1704,59.1704,59.1704,59.1704,0
10/28/2025,52.6773,52.6773,52.6773,52.6773,0
10/29/2025,56.9725,56.9725,56.9725,56.9725,0
10/30/2025,42.4863,42.4863,42.4863,42.4863,0
10/31/2025,46.1069,46.1069,46.1069,46.1069,0
11/03/2025,44.7885,44.7885,44.7885,44.7885,0
11/04/2025,37.9218,37.9218,37.9218,37.9218,0
11/05/2025,41.9066,41.9066,41.9066,41.9066,0
11/06/2025,32.8050,32.8050,32.8050,32.8050,0
11/07/2025,42.3521,42.3521,42.3521,42.3521,0
11/10/2025,38.3476,38.3476,38.3476,38.3476,0
11/11/2025,37.2302,37.2302,37.2302,37.2302,0
11/12/2025,40.0246,40.0246,40.0246,40.0246,0
11/13/2025,39.2230,39.2230,39.2230,39.2230,0
11/14/2025,34.4286,34.4286,34.4286,34.4286,0
11/17/2025,32.1479,32.1479,32.1479,32.1479,0
11/18/2025,29.2065,29.2065,29.2065,29.2065,0
11/19/2025,29.7015,29.7015,29.7015,29.7015,0
11/20/2025,30.5370,30.5370,30.5370,30.5370,0
11/21/2025,34.4647,34.4647,34.4647,34.4647,0
11/24/2025,35.0942,35.0942,35.0942,35.0942,0
11/25/2025,41.0868,41.0868,41.0868,41.0868,0
11/26/2025,41.4540,41.4540,41.4540,41.4540,0
11/28/2025,47.6347,47.6347,47.6347,47.6347,0
12/01/2025,50.1363,50.1363,50.1363,50.1363,0
12/02/2025,53.9612,53.9612,53.9612,53.9612,0
12/03/2025,61.5948,61.5948,61.5948,61.5948,0
12/04/2025,65.7299,65.7299,65.7299,65.7299,0
12/05/2025,68.6615,68.6615,68.6615,68.6615,0
12/08/2025,66.4887,66.4887,66.4887,66.4887,0
12/09/2025,71.5845,71.5845,71.5845,71.5845,0
12/10/2025,66.5820,66.5820,66.5820,66.5820,0
12/11/2025,62.3962,62.3962,62.3962,62.3962,0
12/12/2025,58.0642,58.0642,58.0642,58.0642,0
12/15/2025,56.6960,56.6960,56.6960,56.6960,0
12/16/2025,61.7463,61.7463,61.7463,61.7463,0
12/17/2025,50.6289,50.6289,50.6289,50.6289,0
12/18/2025,54.0380,54.0380,54.0380,54.0380,0
12/19/2025,51.1940,51.1940,51.1940,51.1940,0
12/22/2025,60.9412,60.9412,60.9412,60.9412,0
12/23/2025,52.0589,52.0589,52.0589,52.0589,0
12/24/2025,44.7233,44.7233,44.7233,44.7233,0
12/26/2025,40.5073,40.5073,40.5073,40.5073,0
12/29/2025,49.0576,49.0576,49.0576,49.0576,0
12/30/2025,42.4487,42.4487,42.4487,42.4487,0
12/31/2025,41.4056,41.4056,41.4056,41.4056,0
01/02/2026,41.8796,41.8796,41.8796,41.8796,0
01/05/2026,54.0917,54.0917,54.0917,54.0917,0
01/06/2026,53.9075,53.9075,53.9075,53.9075,0
01/07/2026,43.9170,43.9170,43.9170,43.9170,0
01/08/2026,49.5490,49.5490,49.5490,49.5490,0
01/09/2026,56.0037,56.0037,56.0037,56.0037,0
01/12/2026,52.6993,52.6993,52.6993,52.6993,0
01/13/2026,42.1215,42.1215,42.1215,42.1215,0
01/14/2026,49.8542,49.8542,49.8542,49.8542,0
01/15/2026,55.4151,55.4151,55.4151,55.4151,0
01/16/2026,62.2446,62.2446,62.2446,62.2446,0
01/20/2026,49.9461,49.9461,49.9461,49.9461,0
01/21/2026,53.1486,53.1486,53.1486,53.1486,0
01/22/2026,50.7226,50.7226,50.7226,50.7226,0
01/23/2026,39.8308,39.8308,39.8308,39.8308,0
01/26/2026,35.3384,35.3384,35.3384,35.3384,0
01/27/2026,36.2322,36.2322,36.2322,36.2322,0
01/28/2026,31.9598,31.9598,31.9598,31.9598,0
01/29/2026,31.5674,31.5674,31.5674,31.5674,0
01/30/2026,31.7742,31.7742,31.7742,31.7742,0
02/02/2026,30.2322,30.2322,30.2322,30.2322,0
02/03/2026,27.7029,27.7029,27.7029,27.7029,0
02/04/2026,31.2750,31.2750,31.2750,31.2750,0
02/05/2026,29.5841,29.5841,29.5841,29.5841,0
02/06/2026,34.8965,34.8965,34.8965,34.8965,0
02/09/2026,37.1661,37.1661,37.1661,37.1661,0
02/10/2026,37.1177,37.1177,37.1177,37.1177,0
02/11/2026,31.8157,31.8157,31.8157,31.8157,0
02/12/2026,28.7557,28.7557,28.7557,28.7557,0
02/13/2026,35.5894,35.5894,35.5894,35.5894,0
02/17/2026,30.2811,30.2811,30.2811,30.2811,0
02/18/2026,36.8589,36.8589,36.8589,36.8589,0
02/19/2026,28.5926,28.5926,28.5926,28.5926,0
02/20/2026,32.8431,32.8431,32.8431,32.8431,0
02/23/2026,33.1075,33.1075,33.1075,33.1075,0
02/24/2026,38.7965,38.7965,38.7965,38.7965,0
02/25/2026,42.6785,42.6785,42.6785,42.6785,0
02/26/2026,43.3852,43.3852,43.3852,43.3852,0
02/27/2026,38.6505,38.6505,38.6505,38.6505,0
03/02/2026,40.9147,40.9147,40.9147,40.9147,0
03/03/2026,35.7534,35.7534,35.7534,35.7534,0
03/04/2026,37.7276,37.7276,37.7276,37.7276,0
03/05/2026,41.3970,41.3970,41.3970,41.3970,0
03/06/2026,37.4875,37.4875,37.4875,37.4875,0
03/09/2026,38.3667,38.3667,38.3667,38.3667,0
03/10/2026,36.4675,36.4675,36.4675,36.4675,0
03/11/2026,35.0439,35.0439,35.0439,35.0439,0
03/12/2026,36.0314,36.0314,36.0314,36.0314,0
03/13/2026,37.9945,37.9945,37.9945,37.9945,0
03/16/2026,37.7495,37.7495,37.7495,37.7495,0
03/17/2026,40.3579,40.3579,40.3579,40.3579,0
03/18/2026,40.9652,40.9652,40.9652,40.9652,0
03/19/2026,42.6998,42.6998,42.6998,42.6998,0
03/20/2026,43.8324,43.8324,43.8324,43.8324,0
03/23/2026,44.5934,44.5934,44.5934,44.5934,0
03/24/2026,42.0538,42.0538,42.0538,42.0538,0
03/25/2026,43.2993,43.2993,43.2993,43.2993,0
03/26/2026,44.1220,44.1220,44.1220,44.1220,0
03/27/2026,42.2133,42.2133,42.2133,42.2133,0
03/30/2026,45.0535,45.0535,45.0535,45.0535,0
03/31/2026,47.4820,47.4820,47.4820,47.4820,0
04/01/2026,40.2736,40.2736,40.2736,40.2736,0
04/02/2026,38.6107,38.6107,38.6107,38.6107,0
04/06/2026,39.8995,39.8995,39.8995,39.8995,0
04/07/2026,35.4243,35.4243,35.4243,35.4243,0
04/08/2026,36.2547,36.2547,36.2547,36.2547,0
04/09/2026,36.0653,36.0653,36.0653,36.0653,0
04/10/2026,35.7713,35.7713,35.7713,35.7713,0
04/13/2026,28.2027,28.2027,28.2027,28.2027,0
04/14/2026,47.3278,47.3278,47.3278,47.3278,0
04/15/2026,48.3550,48.3550,48.3550,48.3550,0
04/16/2026,67.9935,67.9935,67.9935,67.9935,0
04/17/2026,68.7611,68.7611,68.7611,68.7611,0
04/20/2026,61.4768,61.4768,61.4768,61.4768,0
04/21/2026,64.1165,64.1165,64.1165,64.1165,0
04/22/2026,58.6461,58.6461,58.6461,58.6461,0
04/23/2026,41.7585,41.7585,41.7585,41.7585,0
04/24/2026,43.8440,43.8440,43.8440,43.8440,0
04/27/2026,41.2159,41.2159,41.2159,41.2159,0
04/28/2026,40.7242,40.7242,40.7242,40.7242,0
04/29/2026,38.8336,38.8336,38.8336,38.8336,0
04/30/2026,67.4652,67.4652,67.4652,67.4652,0
05/01/2026,53.5590,53.5590,53.5590,53.5590,0
05/04/2026,51.3572,51.3572,51.3572,51.3572,0
05/05/2026,75.1287,75.1287,75.1287,75.1287,0
05/06/2026,51.3657,51.3657,51.3657,51.3657,0
05/07/2026,59.6820,59.6820,59.6820,59.6820,0
05/08/2026,61.7565,61.7565,61.7565,61.7565,0
05/11/2026,50.6037,50.6037,50.6037,50.6037,0
05/12/2026,70.5067,70.5067,70.5067,70.5067,0
05/13/2026,42.9930,42.9930,42.9930,42.9930,0
05/14/2026,43.2518,43.2518,43.2518,43.2518,0
05/15/2026,36.8279,36.8279,36.8279,36.8279,0
05/18/2026,35.7678,35.7678,35.7678,35.7678,0
05/19/2026,48.9763,48.9763,48.9763,48.9763,0
05/20/2026,45.3173,45.3173,45.3173,45.3173,0
05/21/2026,57.3045,57.3045,57.3045,57.3045,0
05/22/2026,53.1370,53.1370,53.1370,53.1370,0
05/26/2026,42.5181,42.5181,42.5181,42.5181,0
05/27/2026,46.2145,46.2145,46.2145,46.2145,0
05/28/2026,49.7683,49.7683,49.7683,49.7683,0
05/29/2026,36.7452,36.7452,36.7452,36.7452,0
06/01/2026,56.4064,56.4064,56.4064,56.4064,0
06/02/2026,49.0873,49.0873,49.0873,49.0873,0
06/03/2026,24.0565,24.0565,24.0565,24.0565,0
06/04/2026,52.0978,52.0978,52.0978,52.0978,0
06/05/2026,34.5469,34.5469,34.5469,34.5469,0
06/08/2026,47.0231,47.0231,47.0231,47.0231,0
06/09/2026,55.5768,55.5768,55.5768,55.5768,0
06/10/2026,47.6140,47.6140,47.6140,47.6140,0
06/11/2026,38.3387,38.3387,38.3387,38.3387,0
06/12/2026,38.9751,38.9751,38.9751,38.9751,0
06/15/2026,34.6432,34.6432,34.6432,34.6432,0
06/16/2026,41.0431,41.0431,41.0431,41.0431,0
06/17/2026,44.4579,44.4579,44.4579,44.4579,0
06/18/2026,40.3147,40.3147,40.3147,40.3147,0
06/22/2026,19.5532,19.5532,19.5532,19.5532,0
06/23/2026,40.8894,40.8894,40.8894,40.8894,0
06/24/2026,43.8972,43.8972,43.8972,43.8972,0
06/25/2026,45.3056,45.3056,45.3056,45.3056,0
06/26/2026,38.1877,38.1877,38.1877,38.1877,0
06/29/2026,40.8291,40.8291,40.8291,40.8291,0
06/30/2026,35.3033,35.3033,35.3033,35.3033,0
07/01/2026,39.8801,39.8801,39.8801,39.8801,0
07/02/2026,62.7911,62.7911,62.7911,62.7911,0
07/06/2026,71.9474,71.9474,71.9474,71.9474,0
07/07/2026,68.0113,68.0113,68.0113,68.0113,0
07/08/2026,66.4702,66.4702,66.4702,66.4702,0
07/09/2026,67.4608,67.4608,67.4608,67.4608,0
07/10/2026,68.2121,68.2121,68.2121,68.2121,0
07/13/2026,56.4861,56.4861,56.4861,56.4861,0
07/14/2026,63.1715,63.1715,63.1715,63.1715,0
07/15/2026,65.4465,65.4465,65.4465,65.4465,0
07/16/2026,64.4422,64.4422,64.4422,64.4422,0
07/17/2026,62.0717,62.0717,62.0717,62.0717,0
07/20/2026,52.3883,52.3883,52.3883,52.3883,0
07/21/2026,58.6189,58.6189,58.6189,58.6189,0
07/22/2026,48.9130,48.9130,48.9130,48.9130,0
07/23/2026,50.7311,50.7311,50.7311,50.7311,0
07/24/2026,58.8005,58.8005,58.8005,58.8005,0
07/27/2026,64.0726,64.0726,64.0726,64.0726,0
07/28/2026,66.5438,66.5438,66.5438,66.5438,0
07/29/2026,57.9520,57.9520,57.9520,57.9520,0
07/30/2026,62.9218,62.9218,62.9218,62.9218,0
07/31/2026,68.9522,68.9522,68.9522,68.9522,0
08/03/2026,68.7939,68.7939,68.7939,68.7939,0
08/04/2026,70.3188,70.3188,70.3188,70.3188,0
08/05/2026,70.4399,70.4399,70.4399,70.4399,0
08/06/2026,70.0038,70.0038,70.0038,70.0038,0
08/07/2026,68.7777,68.7777,68.7777,68.7777,0
08/10/2026,70.0011,70.0011,70.0011,70.0011,0
08/11/2026,71.3004,71.3004,71.3004,71.3004,0
08/12/2026,65.4395,65.4395,65.4395,65.4395,0
08/13/2026,70.8672,70.8672,70.8672,70.8672,0
08/14/2026,70.3712,70.3712,70.3712,70.3712,0
08/17/2026,63.4237,63.4237,63.4237,63.4237,0
08/18/2026,67.1018,67.1018,67.1018,67.1018,0
08/19/2026,69.0069,69.0069,69.0069,69.0069,0
08/20/2026,59.3697,59.3697,59.3697,59.3697,0
08/21/2026,60.7206,60.7206,60.7206,60.7206,0
08/24/2026,58.1746,58.1746,58.1746,58.1746,0
08/25/2026,61.8223,61.8223,61.8223,61.8223,0
08/26/2026,56.5130,56.5130,56.5130,56.5130,0
08/27/2026,62.9076,62.9076,62.9076,62.9076,0
08/28/2026,60.1533,60.1533,60.1533,60.1533,0
08/31/2026,53.6298,53.6298,53.6298,53.6298,0
09/01/2026,43.4554,43.4554,43.4554,43.4554,0
09/02/2026,41.1082,41.1082,41.1082,41.1082,0
09/03/2026,51.9695,51.9695,51.9695,51.9695,0
09/04/2026,51.6917,51.6917,51.6917,51.6917,0
09/08/2026,42.7203,42.7203,42.7203,42.7203,0
09/09/2026,40.1410,40.1410,40.1410,40.1410,0
09/10/2026,36.4973,36.4973,36.4973,36.4973,0
09/11/2026,38.7656,38.7656,38.7656,38.7656,0
09/14/2026,36.9546,36.9546,36.9546,36.9546,0
09/15/2026,37.1436,37.1436,37.1436,37.1436,0
09/16/2026,33.3149,33.3149,33.3149,33.3149,0
09/17/2026,29.1433,29.1433,29.1433,29.1433,0
09/18/2026,32.3004,32.3004,32.3004,32.3004,0
09/21/2026,36.2950,36.2950,36.2950,36.2950,0
09/22/2026,30.8050,30.8050,30.8050,30.8050,0
09/23/2026,27.9103,27.9103,27.9103,27.9103,0
09/24/2026,25.8329,25.8329,25.8329,25.8329,0
09/25/2026,28.7678,28.7678,28.7678,28.7678,0
09/28/2026,26.0588,26.0588,26.0588,26.0588,0
09/29/2026,30.6665,30.6665,30.6665,30.6665,0
09/30/2026,32.2454,32.2454,32.2454,32.2454,0
10/01/2026,33.4609,33.4609,33.4609,33.4609,0
10/02/2026,35.9450,35.9450,35.9450,35.9450,0
10/05/2026,34.5581,34.5581,34.5581,34.5581,0
10/06/2026,37.0478,37.0478,37.0478,37.0478,0
10/07/2026,32.7727,32.7727,32.7727,32.7727,0
