Date,Open,High,Low,Close,Volume
06/09/2025,97.3155,97.3155,97.3155,97.3155,0
06/10/2025,97.0098,97.0098,97.0098,97.0098,0
06/11/2025,96.2835,96.2835,96.2835,96.2835,0
06/12/2025,95.1583,95.1583,95.1583,95.1583,0
06/13/2025,93.0513,93.0513,93.0513,93.0513,0
06/16/2025,95.4144,95.4144,95.4144,95.4144,0
06/17/2025,97.4278,97.4278,97.4278,97.4278,0
06/18/2025,96.1196,96.1196,96.1196,96.1196,0
06/20/2025,98.2359,98.2359,98.2359,98.2359,0
06/23/2025,94.1935,94.1935,94.1935,94.1935,0
06/24/2025,97.7843,97.7843,97.7843,97.7843,0
06/25/2025,98.5522,98.5522,98.5522,98.5522,0
06/26/2025,96.5359,96.5359,96.5359,96.5359,0
06/27/2025,97.1582,97.1582,97.1582,97.1582,0
06/30/2025,97.2194,97.2194,97.2194,97.2194,0
07/01/2025,95.4831,95.4831,95.4831,95.4831,0
07/02/2025,98.0474,98.0474,98.0474,98.0474,0
07/03/2025,96.8180,96.8180,96.8180,96.8180,0
07/07/2025,95.7260,95.7260,95.7260,95.7260,0
07/08/2025,96.4782,96.4782,96.4782,96.4782,0
07/09/2025,93.4457,93.4457,93.4457,93.4457,0
07/10/2025,94.8677,94.8677,94.8677,94.8677,0
07/11/2025,96.5028,96.5028,96.5028,96.5028,0
07/14/2025,95.8577,95.8577,95.8577,95.8577,0
07/15/2025,97.2556,97.2556,97.2556,97.2556,0
07/16/2025,95.5730,95.5730,95.5730,95.5730,0
07/17/2025,95.3900,95.3900,95.3900,95.3900,0
07/18/2025,92.0766,92.0766,92.0766,92.0766,0
07/21/2025,92.9415,92.9415,92.9415,92.9415,0
07/22/2025,95.7483,95.7483,95.7483,95.7483,0
07/23/2025,95.0610,95.0610,95.0610,95.0610,0
07/24/2025,96.4589,96.4589,96.4589,96.4589,0
07/25/2025,96.9610,96.9610,96.9610,96.9610,0
07/28/2025,95.4926,95.4926,95.4926,95.4926,0
07/29/2025,95.7376,95.7376,95.7376,95.7376,0
07/30/2025,94.9863,94.9863,94.9863,94.9863,0
07/31/2025,93.7168,93.7168,93.7168,93.7168,0
08/01/2025,94.2731,94.2731,94.2731,94.2731,0
08/04/2025,93.3641,93.3641,93.3641,93.3641,0
08/05/2025,92.4104,92.4104,92.4104,92.4104,0
08/06/2025,96.2361,96.2361,96.2361,96.2361,0
08/07/2025,96.4049,96.4049,96.4049,96.4049,0
08/08/2025,94.6453,94.6453,94.6453,94.6453,0
08/11/2025,94.9294,94.9294,94.9294,94.9294,0
08/12/2025,95.2053,95.2053,95.2053,95.2053,0
08/13/2025,95.1857,95.1857,95.1857,95.1857,0
08/14/2025,94.5306,94.5306,94.5306,94.5306,0
08/15/2025,96.1528,96.1528,96.1528,96.1528,0
08/18/2025,94.7795,94.7795,94.7795,94.7795,0
08/19/2025,95.8409,95.8409,95.8409,95.8409,0
08/20/2025,95.3633,95.3633,95.3633,95.3633,0
08/21/2025,96.2146,96.2146,96.2146,96.2146,0
08/22/2025,95.1803,95.1803,95.1803,95.1803,0
08/25/2025,92.9702,92.9702,92.9702,92.9702,0
08/26/2025,94.4912,94.4912,94.4912,94.4912,0
08/27/2025,92.6856,92.6856,92.6856,92.6856,0
08/28/2025,93.4405,93.4405,93.4405,93.4405,0
08/29/2025,94.0714,94.0714,94.0714,94.0714,0
09/02/2025,96.5357,96.5357,96.5357,96.5357,0
09/03/2025,95.7697,95.7697,95.7697,95.7697,0
09/04/2025,95.6220,95.6220,95.6220,95.6220,0
09/05/2025,95.9995,95.9995,95.9995,95.9995,0
09/08/2025,93.6353,93.6353,93.6353,93.6353,0
09/09/2025,95.8586,95.8586,95.8586,95.8586,0
09/10/2025,96.3562,96.3562,96.3562,96.3562,0
09/11/2025,95.6607,95.6607,95.6607,95.6607,0
09/12/2025,96.2635,96.2635,96.2635,96.2635,0
09/15/2025,97.2600,97.2600,97.2600,97.2600,0
09/16/2025,96.8352,96.8352,96.8352,96.8352,0
09/17/2025,96.2165,96.2165,96.2165,96.2165,0
09/18/2025,95.3806,95.3806,95.3806,95.3806,0
09/19/2025,94.9788,94.9788,94.9788,94.9788,0
09/22/2025,95.1459,95.1459,95.1459,95.1459,0
09/23/2025,93.7033,93.7033,93.7033,93.7033,0
09/24/2025,96.1306,96.1306,96.1306,96.1306,0
09/25/2025,94.5154,94.5154,94.5154,94.5154,0
09/26/2025,96.5928,96.5928,96.5928,96.5928,0
09/29/2025,93.7551,93.7551,93.7551,93.7551,0
09/30/2025,91.5080,91.5080,91.5080,91.5080,0
10/01/2025,94.9445,94.9445,94.9445,94.9445,0
10/02/2025,95.9123,95.9123,95.9123,95.9123,0
10/03/2025,94.8239,94.8239,94.8239,94.8239,0
10/06/2025,95.6572,95.6572,95.6572,95.6572,0
10/07/2025,94.1996,94.1996,94.1996,94.1996,0
10/08/2025,94.7760,94.7760,94.7760,94.7760,0
10/09/2025,94.8009,94.8009,94.8009,94.8009,0
10/10/2025,96.1317,96.1317,96.1317,96.1317,0
10/13/2025,93.0661,93.0661,93.0661,93.0661,0
10/14/2025,92.9272,92.9272,92.9272,92.9272,0
10/15/2025,95.8895,95.8895,95.8895,95.8895,0
10/16/2025,94.6043,94.6043,94.6043,94.6043,0
10/17/2025,95.8921,95.8921,95.8921,95.8921,0
10/20/2025,95.3659,95.3659,95.3659,95.3659,0
10/21/2025,95.2557,95.2557,95.2557,95.2557,0
10/22/2025,96.2808,96.2808,96.2808,96.2808,0
10/23/2025,96.0395,96.0395,96.0395,96.0395,0
10/24/2025,96.7307,96.7307,96.7307,96.7307,0
10/27/2025,94.3438,94.3438,94.3438,94.3438,0
10/28/2025,92.3722,92.3722,92.3722,92.3722,0
10/29/2025,94.4629,94.4629,94.4629,94.4629,0
10/30/2025,95.0414,95.0414,95.0414,95.0414,0
10/31/2025,93.8640,93.8640,93.8640,93.8640,0
11/03/2025,92.1738,92.1738,92.1738,92.1738,0
11/04/2025,94.1112,94.1112,94.1112,94.1112,0
11/05/2025,92.7623,92.7623,92.7623,92.7623,0
11/06/2025,94.9986,94.9986,94.9986,94.9986,0
11/07/2025,93.1947,93.1947,93.1947,93.1947,0
11/10/2025,92.9801,92.9801,92.9801,92.9801,0
11/11/2025,95.2432,95.2432,95.2432,95.2432,0
11/12/2025,95.4286,95.4286,95.4286,95.4286,0
11/13/2025,94.3143,94.3143,94.3143,94.3143,0
11/14/2025,96.2104,96.2104,96.2104,96.2104,0
11/17/2025,95.8344,95.8344,95.8344,95.8344,0
11/18/2025,95.3225,95.3225,95.3225,95.3225,0
11/19/2025,95.9642,95.9642,95.9642,95.9642,0
11/20/2025,95.6019,95.6019,95.6019,95.6019,0
11/21/2025,96.0794,96.0794,96.0794,96.0794,0
11/24/2025,97.4606,97.4606,97.4606,97.4606,0
11/25/2025,96.2996,96.2996,96.2996,96.2996,0
11/26/2025,97.4379,97.4379,97.4379,97.4379,0
11/28/2025,94.2392,94.2392,94.2392,94.2392,0
12/01/2025,97.5366,97.5366,97.5366,97.5366,0
12/02/2025,94.0254,94.0254,94.0254,94.0254,0
12/03/2025,96.4725,96.4725,96.4725,96.4725,0
12/04/2025,96.2583,96.2583,96.2583,96.2583,0
12/05/2025,96.0389,96.0389,96.0389,96.0389,0
12/08/2025,96.9718,96.9718,96.9718,96.9718,0
12/09/2025,95.5789,95.5789,95.5789,95.5789,0
12/10/2025,96.1878,96.1878,96.1878,96.1878,0
12/11/2025,94.7131,94.7131,94.7131,94.7131,0
12/12/2025,95.8542,95.8542,95.8542,95.8542,0
12/15/2025,95.1537,95.1537,95.1537,95.1537,0
12/16/2025,94.8714,94.8714,94.8714,94.8714,0
12/17/2025,96.6030,96.6030,96.6030,96.6030,0
12/18/2025,94.7071,94.7071,94.7071,94.7071,0
12/19/2025,95.4734,95.4734,95.4734,95.4734,0
12/22/2025,96.3370,96.3370,96.3370,96.3370,0
12/23/2025,94.8959,94.8959,94.8959,94.8959,0
12/24/2025,95.3243,95.3243,95.3243,95.3243,0
12/26/2025,96.2632,96.2632,96.2632,96.2632,0
12/29/2025,95.2470,95.2470,95.2470,95.2470,0
12/30/2025,97.3437,97.3437,97.3437,97.3437,0
12/31/2025,95.9396,95.9396,95.9396,95.9396,0
01/02/2026,96.2662,96.2662,96.2662,96.2662,0
01/05/2026,95.4463,95.4463,95.4463,95.4463,0
01/06/2026,95.1607,95.1607,95.1607,95.1607,0
01/07/2026,96.7920,96.7920,96.7920,96.7920,0
01/08/2026,94.8819,94.8819,94.8819,94.8819,0
01/09/2026,95.5427,95.5427,95.5427,95.5427,0
01/12/2026,95.2516,95.2516,95.2516,95.2516,0
01/13/2026,95.6795,95.6795,95.6795,95.6795,0
01/14/2026,95.3535,95.3535,95.3535,95.3535,0
01/15/2026,95.0362,95.0362,95.0362,95.0362,0
01/16/2026,93.9744,93.9744,93.9744,93.9744,0
01/20/2026,95.3432,95.3432,95.3432,95.3432,0
01/21/2026,97.3731,97.3731,97.3731,97.3731,0
01/22/2026,95.3164,95.3164,95.3164,95.3164,0
01/23/2026,97.0658,97.0658,97.0658,97.0658,0
01/26/2026,96.5518,96.5518,96.5518,96.5518,0
01/27/2026,93.8294,93.8294,93.8294,93.8294,0
01/28/2026,95.0856,95.0856,95.0856,95.0856,0
01/29/2026,95.8504,95.8504,95.8504,95.8504,0
01/30/2026,96.5574,96.5574,96.5574,96.5574,0
02/02/2026,93.1702,93.1702,93.1702,93.1702,0
02/03/2026,97.5430,97.5430,97.5430,97.5430,0
02/04/2026,98.5114,98.5114,98.5114,98.5114,0
02/05/2026,95.1508,95.1508,95.1508,95.1508,0
02/06/2026,95.2767,95.2767,95.2767,95.2767,0
02/09/2026,95.9807,95.9807,95.9807,95.9807,0
02/10/2026,95.6437,95.6437,95.6437,95.6437,0
02/11/2026,96.7245,96.7245,96.7245,96.7245,0
02/12/2026,95.7747,95.7747,95.7747,95.7747,0
02/13/2026,95.4947,95.4947,95.4947,95.4947,0
02/17/2026,94.8636,94.8636,94.8636,94.8636,0
02/18/2026,95.7182,95.7182,95.7182,95.7182,0
02/19/2026,95.5660,95.5660,95.5660,95.5660,0
02/20/2026,97.2887,97.2887,97.2887,97.2887,0
02/23/2026,96.4305,96.4305,96.4305,96.4305,0
02/24/2026,96.9271,96.9271,96.9271,96.9271,0
02/25/2026,96.7063,96.7063,96.7063,96.7063,0
02/26/2026,95.7375,95.7375,95.7375,95.7375,0
02/27/2026,96.5926,96.5926,96.5926,96.5926,0
03/02/2026,95.8191,95.8191,95.8191,95.8191,0
03/03/2026,95.2851,95.2851,95.2851,95.2851,0
03/04/2026,95.6191,95.6191,95.6191,95.6191,0
03/05/2026,94.9195,94.9195,94.9195,94.9195,0
03/06/2026,94.5976,94.5976,94.5976,94.5976,0
03/09/2026,93.6404,93.6404,93.6404,93.6404,0
03/10/2026,93.5736,93.5736,93.5736,93.5736,0
03/11/2026,92.0631,92.0631,92.0631,92.0631,0
03/12/2026,94.7233,94.7233,94.7233,94.7233,0
03/13/2026,93.3401,93.3401,93.3401,93.3401,0
03/16/2026,91.9855,91.9855,91.9855,91.9855,0
03/17/2026,94.9109,94.9109,94.9109,94.9109,0
03/18/2026,93.7822,93.7822,93.7822,93.7822,0
03/19/2026,94.7666,94.7666,94.7666,94.7666,0
03/20/2026,95.8347,95.8347,95.8347,95.8347,0
03/23/2026,93.0833,93.0833,93.0833,93.0833,0
03/24/2026,95.2504,95.2504,95.2504,95.2504,0
03/25/2026,94.6666,94.6666,94.6666,94.6666,0
03/26/2026,95.5161,95.5161,95.5161,95.5161,0
03/27/2026,91.8918,91.8918,91.8918,91.8918,0
03/30/2026,94.8471,94.8471,94.8471,94.8471,0
03/31/2026,95.6892,95.6892,95.6892,95.6892,0
04/01/2026,95.8182,95.8182,95.8182,95.8182,0
04/02/2026,93.8651,93.8651,93.8651,93.8651,0
04/06/2026,86.1466,86.1466,86.1466,86.1466,0
04/07/2026,94.6511,94.6511,94.6511,94.6511,0
04/08/2026,94.7416,94.7416,94.7416,94.7416,0
04/09/2026,90.4149,90.4149,90.4149,90.4149,0
04/10/2026,88.3678,88.3678,88.3678,88.3678,0
04/13/2026,94.5551,94.5551,94.5551,94.5551,0
04/14/2026,97.5101,97.5101,97.5101,97.5101,0
04/15/2026,96.8231,96.8231,96.8231,96.8231,0
04/16/2026,97.2644,97.2644,97.2644,97.2644,0
04/17/2026,95.3244,95.3244,95.3244,95.3244,0
04/20/2026,93.6866,93.6866,93.6866,93.6866,0
04/21/2026,93.7435,93.7435,93.7435,93.7435,0
04/22/2026,95.0590,95.0590,95.0590,95.0590,0
04/23/2026,88.7125,88.7125,88.7125,88.7125,0
04/24/2026,95.1096,95.1096,95.1096,95.1096,0
04/27/2026,95.9129,95.9129,95.9129,95.9129,0
04/28/2026,95.5458,95.5458,95.5458,95.5458,0
04/29/2026,97.7789,97.7789,97.7789,97.7789,0
04/30/2026,93.5278,93.5278,93.5278,93.5278,0
05/01/2026,90.6938,90.6938,90.6938,90.6938,0
05/04/2026,95.0440,95.0440,95.0440,95.0440,0
05/05/2026,92.2791,92.2791,92.2791,92.2791,0
05/06/2026,89.9879,89.9879,89.9879,89.9879,0
05/07/2026,94.8588,94.8588,94.8588,94.8588,0
05/08/2026,93.3301,93.3301,93.3301,93.3301,0
05/11/2026,94.3106,94.3106,94.3106,94.3106,0
05/12/2026,96.9215,96.9215,96.9215,96.9215,0
05/13/2026,96.3268,96.3268,96.3268,96.3268,0
05/14/2026,92.2980,92.2980,92.2980,92.2980,0
05/15/2026,91.7095,91.7095,91.7095,91.7095,0
05/18/2026,93.8389,93.8389,93.8389,93.8389,0
05/19/2026,88.9326,88.9326,88.9326,88.9326,0
05/20/2026,94.3605,94.3605,94.3605,94.3605,0
05/21/2026,95.4813,95.4813,95.4813,95.4813,0
05/22/2026,95.7542,95.7542,95.7542,95.7542,0
05/26/2026,92.7897,92.7897,92.7897,92.7897,0
05/27/2026,94.9893,94.9893,94.9893,94.9893,0
05/28/2026,94.1511,94.1511,94.1511,94.1511,0
05/29/2026,93.1546,93.1546,93.1546,93.1546,0
06/01/2026,95.5324,95.5324,95.5324,95.5324,0
06/02/2026,95.2529,95.2529,95.2529,95.2529,0
06/03/2026,95.9100,95.9100,95.9100,95.9100,0
06/04/2026,91.8024,91.8024,91.8024,91.8024,0
06/05/2026,96.4383,96.4383,96.4383,96.4383,0
06/08/2026,95.8900,95.8900,95.8900,95.8900,0
