Date,Open,High,Low,Close,Volume
10/07/2024,45.1250,45.1250,45.1250,45.1250,0
10/08/2024,45.1250,45.1250,45.1250,45.1250,0
10/09/2024,45.1250,45.1250,45.1250,45.1250,0
10/10/2024,50.0000,50.0000,50.0000,50.0000,0
10/11/2024,50.9750,50.9750,50.9750,50.9750,0
10/14/2024,48.3750,48.3750,48.3750,48.3750,0
10/15/2024,45.2857,45.2857,45.2857,45.2857,0
10/16/2024,51.0312,51.0312,51.0312,51.0312,0
10/17/2024,46.8333,46.8333,46.8333,46.8333,0
10/18/2024,47.3750,47.3750,47.3750,47.3750,0
10/21/2024,51.3636,51.3636,51.3636,51.3636,0
10/22/2024,42.5000,42.5000,42.5000,42.5000,0
10/23/2024,48.5000,48.5000,48.5000,48.5000,0
10/24/2024,42.5000,42.5000,42.5000,42.5000,0
10/25/2024,45.1284,45.1284,45.1284,45.1284,0
10/28/2024,43.5571,43.5571,43.5571,43.5571,0
10/29/2024,42.0107,42.0107,42.0107,42.0107,0
10/30/2024,46.0093,46.0093,46.0093,46.0093,0
10/31/2024,48.9355,48.9355,48.9355,48.9355,0
11/01/2024,52.5147,52.5147,52.5147,52.5147,0
11/04/2024,57.9155,57.9155,57.9155,57.9155,0
11/05/2024,60.1114,60.1114,60.1114,60.1114,0
11/06/2024,63.9835,63.9835,63.9835,63.9835,0
11/07/2024,58.3356,58.3356,58.3356,58.3356,0
11/08/2024,66.4810,66.4810,66.4810,66.4810,0
11/11/2024,67.5037,67.5037,67.5037,67.5037,0
11/12/2024,62.3090,62.3090,62.3090,62.3090,0
11/13/2024,59.2327,59.2327,59.2327,59.2327,0
11/14/2024,54.4271,54.4271,54.4271,54.4271,0
11/15/2024,52.8882,52.8882,52.8882,52.8882,0
11/18/2024,55.5780,55.5780,55.5780,55.5780,0
11/19/2024,52.7332,52.7332,52.7332,52.7332,0
11/20/2024,49.9123,49.9123,49.9123,49.9123,0
11/21/2024,56.3842,56.3842,56.3842,56.3842,0
11/22/2024,63.1696,63.1696,63.1696,63.1696,0
11/25/2024,56.7805,56.7805,56.7805,56.7805,0
11/26/2024,56.9150,56.9150,56.9150,56.9150,0
11/27/2024,55.3778,55.3778,55.3778,55.3778,0
11/29/2024,54.4124,54.4124,54.4124,54.4124,0
12/02/2024,48.6266,48.6266,48.6266,48.6266,0
12/03/2024,44.7394,44.7394,44.7394,44.7394,0
12/04/2024,54.5253,54.5253,54.5253,54.5253,0
12/05/2024,56.5429,56.5429,56.5429,56.5429,0
12/06/2024,61.1060,61.1060,61.1060,61.1060,0
12/09/2024,59.4521,59.4521,59.4521,59.4521,0
12/10/2024,48.3424,48.3424,48.3424,48.3424,0
12/11/2024,53.7997,53.7997,53.7997,53.7997,0
12/12/2024,48.3583,48.3583,48.3583,48.3583,0
12/13/2024,55.8445,55.8445,55.8445,55.8445,0
12/16/2024,59.2655,59.2655,59.2655,59.2655,0
12/17/2024,54.5589,54.5589,54.5589,54.5589,0
12/18/2024,33.3477,33.3477,33.3477,33.3477,0
12/19/2024,40.5990,40.5990,40.5990,40.5990,0
12/20/2024,40.4981,40.4981,40.4981,40.4981,0
12/23/2024,42.4049,42.4049,42.4049,42.4049,0
12/24/2024,46.1353,46.1353,46.1353,46.1353,0
12/26/2024,47.4142,47.4142,47.4142,47.4142,0
12/27/2024,39.4892,39.4892,39.4892,39.4892,0
12/30/2024,31.6907,31.6907,31.6907,31.6907,0
12/31/2024,31.9867,31.9867,31.9867,31.9867,0
01/02/2025,38.8266,38.8266,38.8266,38.8266,0
01/03/2025,42.1868,42.1868,42.1868,42.1868,0
01/06/2025,48.8953,48.8953,48.8953,48.8953,0
01/07/2025,38.2087,38.2087,38.2087,38.2087,0
01/08/2025,40.2034,40.2034,40.2034,40.2034,0
01/10/2025,32.1482,32.1482,32.1482,32.1482,0
01/13/2025,33.9436,33.9436,33.9436,33.9436,0
01/14/2025,39.6316,39.6316,39.6316,39.6316,0
01/15/2025,49.2137,49.2137,49.2137,49.2137,0
01/16/2025,45.4335,45.4335,45.4335,45.4335,0
01/17/2025,61.3103,61.3103,61.3103,61.3103,0
01/21/2025,50.4647,50.4647,50.4647,50.4647,0
01/22/2025,49.6708,49.6708,49.6708,49.6708,0
01/23/2025,49.0861,49.0861,49.0861,49.0861,0
01/24/2025,43.8869,43.8869,43.8869,43.8869,0
01/27/2025,49.1307,49.1307,49.1307,49.1307,0
01/28/2025,39.8363,39.8363,39.8363,39.8363,0
01/29/2025,50.5110,50.5110,50.5110,50.5110,0
01/30/2025,45.9322,45.9322,45.9322,45.9322,0
01/31/2025,45.7958,45.7958,45.7958,45.7958,0
02/03/2025,51.1653,51.1653,51.1653,51.1653,0
02/04/2025,28.9171,28.9171,28.9171,28.9171,0
02/05/2025,32.2241,32.2241,32.2241,32.2241,0
02/06/2025,32.0616,32.0616,32.0616,32.0616,0
02/07/2025,32.2813,32.2813,32.2813,32.2813,0
02/10/2025,35.3094,35.3094,35.3094,35.3094,0
02/11/2025,35.1888,35.1888,35.1888,35.1888,0
02/12/2025,35.5865,35.5865,35.5865,35.5865,0
02/13/2025,36.5463,36.5463,36.5463,36.5463,0
02/14/2025,40.4923,40.4923,40.4923,40.4923,0
02/18/2025,42.6838,42.6838,42.6838,42.6838,0
02/19/2025,39.5847,39.5847,39.5847,39.5847,0
02/20/2025,34.7676,34.7676,34.7676,34.7676,0
02/21/2025,37.2333,37.2333,37.2333,37.2333,0
02/24/2025,37.6111,37.6111,37.6111,37.6111,0
02/25/2025,37.6497,37.6497,37.6497,37.6497,0
02/26/2025,38.1055,38.1055,38.1055,38.1055,0
02/27/2025,34.9651,34.9651,34.9651,34.9651,0
02/28/2025,36.0703,36.0703,36.0703,36.0703,0
03/03/2025,36.0254,36.0254,36.0254,36.0254,0
03/04/2025,34.9483,34.9483,34.9483,34.9483,0
03/05/2025,40.0776,40.0776,40.0776,40.0776,0
03/06/2025,34.8089,34.8089,34.8089,34.8089,0
03/07/2025,37.7199,37.7199,37.7199,37.7199,0
03/10/2025,32.1788,32.1788,32.1788,32.1788,0
03/11/2025,30.8061,30.8061,30.8061,30.8061,0
03/12/2025,33.0395,33.0395,33.0395,33.0395,0
03/13/2025,30.0550,30.0550,30.0550,30.0550,0
03/14/2025,37.3005,37.3005,37.3005,37.3005,0
03/17/2025,39.5843,39.5843,39.5843,39.5843,0
03/18/2025,38.6518,38.6518,38.6518,38.6518,0
03/19/2025,41.6301,41.6301,41.6301,41.6301,0
03/20/2025,41.2242,41.2242,41.2242,41.2242,0
03/21/2025,45.9577,45.9577,45.9577,45.9577,0
03/24/2025,49.8698,49.8698,49.8698,49.8698,0
03/25/2025,51.0915,51.0915,51.0915,51.0915,0
03/26/2025,50.3393,50.3393,50.3393,50.3393,0
03/27/2025,45.6869,45.6869,45.6869,45.6869,0
03/28/2025,35.4127,35.4127,35.4127,35.4127,0
03/31/2025,36.7150,36.7150,36.7150,36.7150,0
04/01/2025,36.8291,36.8291,36.8291,36.8291,0
04/02/2025,45.8808,45.8808,45.8808,45.8808,0
04/03/2025,30.7212,30.7212,30.7212,30.7212,0
04/04/2025,29.9557,29.9557,29.9557,29.9557,0
04/07/2025,30.5828,30.5828,30.5828,30.5828,0
04/08/2025,25.0101,25.0101,25.0101,25.0101,0
04/09/2025,45.1229,45.1229,45.1229,45.1229,0
04/10/2025,34.9497,34.9497,34.9497,34.9497,0
04/11/2025,40.2210,40.2210,40.2210,40.2210,0
04/14/2025,39.9226,39.9226,39.9226,39.9226,0
04/15/2025,42.1192,42.1192,42.1192,42.1192,0
04/16/2025,42.3112,42.3112,42.3112,42.3112,0
04/17/2025,47.2893,47.2893,47.2893,47.2893,0
04/21/2025,42.1207,42.1207,42.1207,42.1207,0
04/22/2025,46.1117,46.1117,46.1117,46.1117,0
04/23/2025,49.3618,49.3618,49.3618,49.3618,0
04/24/2025,57.1984,57.1984,57.1984,57.1984,0
04/25/2025,61.2609,61.2609,61.2609,61.2609,0
04/28/2025,63.3199,63.3199,63.3199,63.3199,0
04/29/2025,60.2629,60.2629,60.2629,60.2629,0
04/30/2025,57.6260,57.6260,57.6260,57.6260,0
05/01/2025,58.8401,58.8401,58.8401,58.8401,0
05/02/2025,66.4513,66.4513,66.4513,66.4513,0
05/05/2025,67.3644,67.3644,67.3644,67.3644,0
05/06/2025,64.6208,64.6208,64.6208,64.6208,0
05/07/2025,66.5122,66.5122,66.5122,66.5122,0
05/08/2025,65.3197,65.3197,65.3197,65.3197,0
05/09/2025,66.2230,66.2230,66.2230,66.2230,0
05/12/2025,67.6706,67.6706,67.6706,67.6706,0
05/13/2025,69.8768,69.8768,69.8768,69.8768,0
05/14/2025,66.4297,66.4297,66.4297,66.4297,0
05/15/2025,60.8477,60.8477,60.8477,60.8477,0
05/16/2025,67.0220,67.0220,67.0220,67.0220,0
05/19/2025,62.0084,62.0084,62.0084,62.0084,0
05/20/2025,66.1769,66.1769,66.1769,66.1769,0
05/21/2025,64.9295,64.9295,64.9295,64.9295,0
05/22/2025,62.1441,62.1441,62.1441,62.1441,0
05/23/2025,51.6112,51.6112,51.6112,51.6112,0
05/27/2025,56.1504,56.1504,56.1504,56.1504,0
05/28/2025,54.8632,54.8632,54.8632,54.8632,0
05/29/2025,58.9929,58.9929,58.9929,58.9929,0
05/30/2025,57.8287,57.8287,57.8287,57.8287,0
06/02/2025,56.9862,56.9862,56.9862,56.9862,0
06/03/2025,53.5238,53.5238,53.5238,53.5238,0
06/04/2025,63.2917,63.2917,63.2917,63.2917,0
06/05/2025,59.0372,59.0372,59.0372,59.0372,0
06/06/2025,64.0527,64.0527,64.0527,64.0527,0
06/09/2025,57.5968,57.5968,57.5968,57.5968,0
06/10/2025,58.9896,58.9896,58.9896,58.9896,0
06/11/2025,58.9272,58.9272,58.9272,58.9272,0
06/12/2025,62.0249,62.0249,62.0249,62.0249,0
06/13/2025,43.3539,43.3539,43.3539,43.3539,0
06/16/2025,52.5592,52.5592,52.5592,52.5592,0
06/17/2025,44.5305,44.5305,44.5305,44.5305,0
06/18/2025,37.1248,37.1248,37.1248,37.1248,0
06/20/2025,40.8515,40.8515,40.8515,40.8515,0
06/23/2025,53.4027,53.4027,53.4027,53.4027,0
06/24/2025,60.7963,60.7963,60.7963,60.7963,0
06/25/2025,58.2005,58.2005,58.2005,58.2005,0
06/26/2025,60.3623,60.3623,60.3623,60.3623,0
06/27/2025,61.1172,61.1172,61.1172,61.1172,0
06/30/2025,60.4323,60.4323,60.4323,60.4323,0
07/01/2025,62.0026,62.0026,62.0026,62.0026,0
07/02/2025,61.4795,61.4795,61.4795,61.4795,0
07/03/2025,63.7406,63.7406,63.7406,63.7406,0
07/07/2025,64.6266,64.6266,64.6266,64.6266,0
07/08/2025,56.9199,56.9199,56.9199,56.9199,0
07/09/2025,57.7999,57.7999,57.7999,57.7999,0
07/10/2025,60.4585,60.4585,60.4585,60.4585,0
07/11/2025,45.0404,45.0404,45.0404,45.0404,0
07/14/2025,55.7695,55.7695,55.7695,55.7695,0
07/15/2025,50.0966,50.0966,50.0966,50.0966,0
07/16/2025,50.3401,50.3401,50.3401,50.3401,0
07/17/2025,54.1777,54.1777,54.1777,54.1777,0
07/18/2025,54.4885,54.4885,54.4885,54.4885,0
07/21/2025,52.1340,52.1340,52.1340,52.1340,0
07/22/2025,56.2275,56.2275,56.2275,56.2275,0
07/23/2025,54.4283,54.4283,54.4283,54.4283,0
07/24/2025,56.4525,56.4525,56.4525,56.4525,0
07/25/2025,57.0976,57.0976,57.0976,57.0976,0
07/28/2025,58.1401,58.1401,58.1401,58.1401,0
07/29/2025,34.4327,34.4327,34.4327,34.4327,0
07/30/2025,32.4766,32.4766,32.4766,32.4766,0
07/31/2025,38.1378,38.1378,38.1378,38.1378,0
08/01/2025,39.4193,39.4193,39.4193,39.4193,0
08/04/2025,41.9348,41.9348,41.9348,41.9348,0
08/05/2025,43.0814,43.0814,43.0814,43.0814,0
08/06/2025,44.0093,44.0093,44.0093,44.0093,0
08/07/2025,39.3170,39.3170,39.3170,39.3170,0
08/08/2025,44.9126,44.9126,44.9126,44.9126,0
08/11/2025,41.2344,41.2344,41.2344,41.2344,0
08/12/2025,45.8665,45.8665,45.8665,45.8665,0
08/13/2025,49.9675,49.9675,49.9675,49.9675,0
08/14/2025,47.2693,47.2693,47.2693,47.2693,0
08/15/2025,41.7706,41.7706,41.7706,41.7706,0
08/18/2025,45.5374,45.5374,45.5374,45.5374,0
08/19/2025,43.4088,43.4088,43.4088,43.4088,0
08/20/2025,43.7587,43.7587,43.7587,43.7587,0
08/21/2025,39.9638,39.9638,39.9638,39.9638,0
08/22/2025,49.6952,49.6952,49.6952,49.6952,0
08/25/2025,49.4531,49.4531,49.4531,49.4531,0
08/26/2025,57.5083,57.5083,57.5083,57.5083,0
08/27/2025,58.1083,58.1083,58.1083,58.1083,0
08/28/2025,59.6605,59.6605,59.6605,59.6605,0
08/29/2025,59.1187,59.1187,59.1187,59.1187,0
09/02/2025,50.5930,50.5930,50.5930,50.5930,0
09/03/2025,52.8510,52.8510,52.8510,52.8510,0
09/04/2025,41.2524,41.2524,41.2524,41.2524,0
09/05/2025,43.8240,43.8240,43.8240,43.8240,0
09/08/2025,41.8280,41.8280,41.8280,41.8280,0
09/09/2025,37.3033,37.3033,37.3033,37.3033,0
09/10/2025,32.8042,32.8042,32.8042,32.8042,0
09/11/2025,45.2269,45.2269,45.2269,45.2269,0
09/12/2025,41.2880,41.2880,41.2880,41.2880,0
09/15/2025,42.3527,42.3527,42.3527,42.3527,0
09/16/2025,39.9402,39.9402,39.9402,39.9402,0
09/17/2025,51.9205,51.9205,51.9205,51.9205,0
09/18/2025,45.3953,45.3953,45.3953,45.3953,0
09/19/2025,51.5483,51.5483,51.5483,51.5483,0
09/22/2025,50.0760,50.0760,50.0760,50.0760,0
09/23/2025,48.2771,48.2771,48.2771,48.2771,0
09/24/2025,51.6926,51.6926,51.6926,51.6926,0
09/25/2025,46.2444,46.2444,46.2444,46.2444,0
09/26/2025,48.9774,48.9774,48.9774,48.9774,0
09/29/2025,58.2081,58.2081,58.2081,58.2081,0
09/30/2025,49.3616,49.3616,49.3616,49.3616,0
10/01/2025,48.1087,48.1087,48.1087,48.1087,0
10/02/2025,61.2926,61.2926,61.2926,61.2926,0
10/03/2025,63.1969,63.1969,63.1969,63.1969,0
10/06/2025,68.1644,68.1644,68.1644,68.1644,0
10/07/2025,70.7824,70.7824,70.7824,70.7824,0
10/08/2025,69.1069,69.1069,69.1069,69.1069,0
10/09/2025,70.1560,70.1560,70.1560,70.1560,0
10/10/2025,53.1534,53.1534,53.1534,53.1534,0
10/13/2025,48.4064,48.4064,48.4064,48.4064,0
10/14/2025,52.4917,52.4917,52.4917,52.4917,0
10/15/2025,44.9193,44.9193,44.9193,44.9193,0
10/16/2025,40.5240,40.5240,40.5240,40.5240,0
10/17/2025,45.7546,45.7546,45.7546,45.7546,0
10/20/2025,51.8204,51.8204,51.8204,51.8204,0
10/21/2025,52.9539,52.9539,52.9539,52.9539,0
10/22/2025,43.1164,43.1164,43.1164,43.1164,0
10/23/2025,48.6584,48.6584,48.6584,48.6584,0
10/24/2025,46.1163,46.1163,46.1163,46.1163,0
10/27/2025,44.3127,44.3127,44.3127,44.3127,0
10/28/2025,59.2473,59.2473,59.2473,59.2473,0
10/29/2025,46.0117,46.0117,46.0117,46.0117,0
10/30/2025,44.2076,44.2076,44.2076,44.2076,0
10/31/2025,45.4239,45.4239,45.4239,45.4239,0
11/03/2025,45.3666,45.3666,45.3666,45.3666,0
11/04/2025,33.5509,33.5509,33.5509,33.5509,0
11/05/2025,45.5199,45.5199,45.5199,45.5199,0
11/06/2025,40.7311,40.7311,40.7311,40.7311,0
11/07/2025,36.2827,36.2827,36.2827,36.2827,0
11/10/2025,38.5512,38.5512,38.5512,38.5512,0
11/11/2025,43.0441,43.0441,43.0441,43.0441,0
11/12/2025,46.7129,46.7129,46.7129,46.7129,0
11/13/2025,37.7898,37.7898,37.7898,37.7898,0
11/14/2025,30.4019,30.4019,30.4019,30.4019,0
11/17/2025,31.7060,31.7060,31.7060,31.7060,0
11/18/2025,26.2650,26.2650,26.2650,26.2650,0
11/19/2025,30.6943,30.6943,30.6943,30.6943,0
11/20/2025,30.7617,30.7617,30.7617,30.7617,0
11/21/2025,35.0394,35.0394,35.0394,35.0394,0
11/24/2025,35.2526,35.2526,35.2526,35.2526,0
11/25/2025,36.2122,36.2122,36.2122,36.2122,0
11/26/2025,36.7589,36.7589,36.7589,36.7589,0
11/28/2025,46.3014,46.3014,46.3014,46.3014,0
12/01/2025,44.6493,44.6493,44.6493,44.6493,0
12/02/2025,46.5101,46.5101,46.5101,46.5101,0
12/03/2025,34.8625,34.8625,34.8625,34.8625,0
12/04/2025,42.3959,42.3959,42.3959,42.3959,0
12/05/2025,48.5819,48.5819,48.5819,48.5819,0
12/08/2025,42.2790,42.2790,42.2790,42.2790,0
12/09/2025,37.0304,37.0304,37.0304,37.0304,0
12/10/2025,46.3395,46.3395,46.3395,46.3395,0
12/11/2025,51.1663,51.1663,51.1663,51.1663,0
12/12/2025,50.3836,50.3836,50.3836,50.3836,0
12/15/2025,48.7550,48.7550,48.7550,48.7550,0
12/16/2025,49.3740,49.3740,49.3740,49.3740,0
12/17/2025,40.8229,40.8229,40.8229,40.8229,0
12/18/2025,41.9138,41.9138,41.9138,41.9138,0
12/19/2025,35.6054,35.6054,35.6054,35.6054,0
12/22/2025,41.3702,41.3702,41.3702,41.3702,0
12/23/2025,38.1539,38.1539,38.1539,38.1539,0
12/24/2025,44.3557,44.3557,44.3557,44.3557,0
12/26/2025,44.0433,44.0433,44.0433,44.0433,0
12/29/2025,39.0336,39.0336,39.0336,39.0336,0
12/30/2025,40.1407,40.1407,40.1407,40.1407,0
12/31/2025,37.2275,37.2275,37.2275,37.2275,0
01/02/2026,31.2930,31.2930,31.2930,31.2930,0
01/05/2026,40.9755,40.9755,40.9755,40.9755,0
01/06/2026,47.7518,47.7518,47.7518,47.7518,0
01/07/2026,34.0349,34.0349,34.0349,34.0349,0
01/08/2026,34.8348,34.8348,34.8348,34.8348,0
01/09/2026,31.6317,31.6317,31.6317,31.6317,0
01/12/2026,29.8337,29.8337,29.8337,29.8337,0
01/13/2026,30.3253,30.3253,30.3253,30.3253,0
01/14/2026,39.5264,39.5264,39.5264,39.5264,0
01/15/2026,34.7244,34.7244,34.7244,34.7244,0
01/16/2026,38.3049,38.3049,38.3049,38.3049,0
01/20/2026,31.7061,31.7061,31.7061,31.7061,0
01/21/2026,39.9116,39.9116,39.9116,39.9116,0
01/22/2026,46.1743,46.1743,46.1743,46.1743,0
01/23/2026,46.7703,46.7703,46.7703,46.7703,0
01/26/2026,44.8402,44.8402,44.8402,44.8402,0
01/27/2026,33.2439,33.2439,33.2439,33.2439,0
01/28/2026,30.3466,30.3466,30.3466,30.3466,0
01/29/2026,29.2212,29.2212,29.2212,29.2212,0
01/30/2026,29.5176,29.5176,29.5176,29.5176,0
02/02/2026,29.2883,29.2883,29.2883,29.2883,0
02/03/2026,30.3699,30.3699,30.3699,30.3699,0
02/04/2026,32.1645,32.1645,32.1645,32.1645,0
02/05/2026,31.7564,31.7564,31.7564,31.7564,0
02/06/2026,33.4455,33.4455,33.4455,33.4455,0
02/09/2026,28.5421,28.5421,28.5421,28.5421,0
02/10/2026,33.7529,33.7529,33.7529,33.7529,0
02/11/2026,28.9395,28.9395,28.9395,28.9395,0
02/12/2026,31.2978,31.2978,31.2978,31.2978,0
02/13/2026,37.3047,37.3047,37.3047,37.3047,0
02/17/2026,37.2636,37.2636,37.2636,37.2636,0
02/18/2026,35.7416,35.7416,35.7416,35.7416,0
02/19/2026,36.3046,36.3046,36.3046,36.3046,0
02/20/2026,38.1248,38.1248,38.1248,38.1248,0
02/23/2026,38.1668,38.1668,38.1668,38.1668,0
02/24/2026,51.6604,51.6604,51.6604,51.6604,0
02/25/2026,51.4099,51.4099,51.4099,51.4099,0
02/26/2026,47.5466,47.5466,47.5466,47.5466,0
02/27/2026,54.4698,54.4698,54.4698,54.4698,0
03/02/2026,53.8562,53.8562,53.8562,53.8562,0
03/03/2026,60.8975,60.8975,60.8975,60.8975,0
03/04/2026,62.8753,62.8753,62.8753,62.8753,0
03/05/2026,63.9618,63.9618,63.9618,63.9618,0
03/06/2026,61.9688,61.9688,61.9688,61.9688,0
03/09/2026,62.4324,62.4324,62.4324,62.4324,0
03/10/2026,54.2952,54.2952,54.2952,54.2952,0
03/11/2026,62.6156,62.6156,62.6156,62.6156,0
03/12/2026,55.9529,55.9529,55.9529,55.9529,0
03/13/2026,56.1503,56.1503,56.1503,56.1503,0
03/16/2026,55.1302,55.1302,55.1302,55.1302,0
03/17/2026,62.4514,62.4514,62.4514,62.4514,0
03/18/2026,50.7333,50.7333,50.7333,50.7333,0
03/19/2026,51.7625,51.7625,51.7625,51.7625,0
03/20/2026,46.2314,46.2314,46.2314,46.2314,0
03/23/2026,52.9851,52.9851,52.9851,52.9851,0
03/24/2026,44.7147,44.7147,44.7147,44.7147,0
03/25/2026,50.8210,50.8210,50.8210,50.8210,0
03/26/2026,53.7602,53.7602,53.7602,53.7602,0
03/27/2026,44.6322,44.6322,44.6322,44.6322,0
03/30/2026,54.0800,54.0800,54.0800,54.0800,0
03/31/2026,56.6415,56.6415,56.6415,56.6415,0
04/01/2026,53.8044,53.8044,53.8044,53.8044,0
04/02/2026,54.2899,54.2899,54.2899,54.2899,0
04/06/2026,58.8920,58.8920,58.8920,58.8920,0
04/07/2026,56.5544,56.5544,56.5544,56.5544,0
04/08/2026,66.7159,66.7159,66.7159,66.7159,0
04/09/2026,65.0846,65.0846,65.0846,65.0846,0
04/10/2026,58.1184,58.1184,58.1184,58.1184,0
04/13/2026,69.5241,69.5241,69.5241,69.5241,0
04/14/2026,68.5112,68.5112,68.5112,68.5112,0
04/15/2026,68.1156,68.1156,68.1156,68.1156,0
04/16/2026,63.5678,63.5678,63.5678,63.5678,0
04/17/2026,69.3201,69.3201,69.3201,69.3201,0
04/20/2026,70.2693,70.2693,70.2693,70.2693,0
04/21/2026,69.1508,69.1508,69.1508,69.1508,0
04/22/2026,68.2827,68.2827,68.2827,68.2827,0
04/23/2026,64.7363,64.7363,64.7363,64.7363,0
04/24/2026,65.4237,65.4237,65.4237,65.4237,0
04/27/2026,62.3539,62.3539,62.3539,62.3539,0
04/28/2026,61.1994,61.1994,61.1994,61.1994,0
04/29/2026,65.2481,65.2481,65.2481,65.2481,0
04/30/2026,58.9822,58.9822,58.9822,58.9822,0
05/01/2026,46.9841,46.9841,46.9841,46.9841,0
05/04/2026,45.4359,45.4359,45.4359,45.4359,0
05/05/2026,30.2033,30.2033,30.2033,30.2033,0
05/06/2026,46.8977,46.8977,46.8977,46.8977,0
05/07/2026,38.7573,38.7573,38.7573,38.7573,0
05/08/2026,31.1994,31.1994,31.1994,31.1994,0
05/11/2026,27.1184,27.1184,27.1184,27.1184,0
05/12/2026,42.5058,42.5058,42.5058,42.5058,0
05/13/2026,34.0455,34.0455,34.0455,34.0455,0
05/14/2026,32.5235,32.5235,32.5235,32.5235,0
05/15/2026,39.7313,39.7313,39.7313,39.7313,0
05/18/2026,42.9424,42.9424,42.9424,42.9424,0
05/19/2026,33.1736,33.1736,33.1736,33.1736,0
05/20/2026,37.3737,37.3737,37.3737,37.3737,0
05/21/2026,36.6888,36.6888,36.6888,36.6888,0
05/22/2026,34.3671,34.3671,34.3671,34.3671,0
05/26/2026,36.2133,36.2133,36.2133,36.2133,0
05/27/2026,34.3968,34.3968,34.3968,34.3968,0
05/28/2026,38.4199,38.4199,38.4199,38.4199,0
05/29/2026,40.9086,40.9086,40.9086,40.9086,0
06/01/2026,30.4368,30.4368,30.4368,30.4368,0
06/02/2026,39.0681,39.0681,39.0681,39.0681,0
06/03/2026,29.3658,29.3658,29.3658,29.3658,0
06/04/2026,34.8267,34.8267,34.8267,34.8267,0
06/05/2026,27.7087,27.7087,27.7087,27.7087,0
06/08/2026,36.4081,36.4081,36.4081,36.4081,0
06/09/2026,20.1874,20.1874,20.1874,20.1874,0
06/10/2026,19.2789,19.2789,19.2789,19.2789,0
06/11/2026,36.7779,36.7779,36.7779,36.7779,0
06/12/2026,37.7357,37.7357,37.7357,37.7357,0
06/15/2026,41.3806,41.3806,41.3806,41.3806,0
06/16/2026,52.8856,52.8856,52.8856,52.8856,0
06/17/2026,40.3997,40.3997,40.3997,40.3997,0
06/18/2026,44.3473,44.3473,44.3473,44.3473,0
06/22/2026,44.3923,44.3923,44.3923,44.3923,0
06/23/2026,36.9073,36.9073,36.9073,36.9073,0
06/24/2026,45.8262,45.8262,45.8262,45.8262,0
06/25/2026,45.7161,45.7161,45.7161,45.7161,0
06/26/2026,55.8674,55.8674,55.8674,55.8674,0
06/29/2026,59.4379,59.4379,59.4379,59.4379,0
06/30/2026,50.1872,50.1872,50.1872,50.1872,0
07/01/2026,60.3196,60.3196,60.3196,60.3196,0
07/02/2026,60.1928,60.1928,60.1928,60.1928,0
07/06/2026,57.3421,57.3421,57.3421,57.3421,0
07/07/2026,59.7318,59.7318,59.7318,59.7318,0
07/08/2026,54.1187,54.1187,54.1187,54.1187,0
07/09/2026,58.9787,58.9787,58.9787,58.9787,0
07/10/2026,62.6739,62.6739,62.6739,62.6739,0
07/13/2026,62.3973,62.3973,62.3973,62.3973,0
07/14/2026,61.0368,61.0368,61.0368,61.0368,0
07/15/2026,66.9703,66.9703,66.9703,66.9703,0
07/16/2026,67.0291,67.0291,67.0291,67.0291,0
07/17/2026,68.2472,68.2472,68.2472,68.2472,0
07/20/2026,71.2590,71.2590,71.2590,71.2590,0
07/21/2026,68.1047,68.1047,68.1047,68.1047,0
07/22/2026,66.7219,66.7219,66.7219,66.7219,0
07/23/2026,68.7244,68.7244,68.7244,68.7244,0
07/24/2026,67.7223,67.7223,67.7223,67.7223,0
07/27/2026,73.3941,73.3941,73.3941,73.3941,0
07/28/2026,71.2794,71.2794,71.2794,71.2794,0
07/29/2026,73.5124,73.5124,73.5124,73.5124,0
07/30/2026,68.6895,68.6895,68.6895,68.6895,0
07/31/2026,68.6089,68.6089,68.6089,68.6089,0
08/03/2026,70.0400,70.0400,70.0400,70.0400,0
08/04/2026,70.3526,70.3526,70.3526,70.3526,0
08/05/2026,68.9036,68.9036,68.9036,68.9036,0
08/06/2026,64.4316,64.4316,64.4316,64.4316,0
08/07/2026,65.6456,65.6456,65.6456,65.6456,0
08/10/2026,68.9025,68.9025,68.9025,68.9025,0
08/11/2026,66.4292,66.4292,66.4292,66.4292,0
08/12/2026,61.8359,61.8359,61.8359,61.8359,0
08/13/2026,68.7396,68.7396,68.7396,68.7396,0
08/14/2026,62.8376,62.8376,62.8376,62.8376,0
08/17/2026,51.9194,51.9194,51.9194,51.9194,0
08/18/2026,59.3503,59.3503,59.3503,59.3503,0
08/19/2026,63.2303,63.2303,63.2303,63.2303,0
08/20/2026,59.3961,59.3961,59.3961,59.3961,0
08/21/2026,59.5352,59.5352,59.5352,59.5352,0
08/24/2026,57.1900,57.1900,57.1900,57.1900,0
08/25/2026,60.9894,60.9894,60.9894,60.9894,0
08/26/2026,60.1038,60.1038,60.1038,60.1038,0
08/27/2026,56.8762,56.8762,56.8762,56.8762,0
08/28/2026,33.1170,33.1170,33.1170,33.1170,0
08/31/2026,28.5440,28.5440,28.5440,28.5440,0
09/01/2026,36.5498,36.5498,36.5498,36.5498,0
09/02/2026,45.4537,45.4537,45.4537,45.4537,0
09/03/2026,30.0244,30.0244,30.0244,30.0244,0
09/04/2026,25.5531,25.5531,25.5531,25.5531,0
09/08/2026,16.5893,16.5893,16.5893,16.5893,0
09/09/2026,15.4009,15.4009,15.4009,15.4009,0
09/10/2026,18.1558,18.1558,18.1558,18.1558,0
09/11/2026,21.8133,21.8133,21.8133,21.8133,0
09/14/2026,23.8235,23.8235,23.8235,23.8235,0
09/15/2026,21.1818,21.1818,21.1818,21.1818,0
09/16/2026,24.1067,24.1067,24.1067,24.1067,0
09/17/2026,18.7110,18.7110,18.7110,18.7110,0
09/18/2026,25.4805,25.4805,25.4805,25.4805,0
09/21/2026,29.0441,29.0441,29.0441,29.0441,0
09/22/2026,28.8355,28.8355,28.8355,28.8355,0
09/23/2026,21.1464,21.1464,21.1464,21.1464,0
09/24/2026,19.5915,19.5915,19.5915,19.5915,0
09/25/2026,29.9719,29.9719,29.9719,29.9719,0
09/28/2026,41.1630,41.1630,41.1630,41.1630,0
09/29/2026,35.9459,35.9459,35.9459,35.9459,0
09/30/2026,28.5894,28.5894,28.5894,28.5894,0
10/01/2026,33.6710,33.6710,33.6710,33.6710,0
10/02/2026,30.8271,30.8271,30.8271,30.8271,0
10/05/2026,38.3523,38.3523,38.3523,38.3523,0
