Date,Open,High,Low,Close,Volume
07/10/2025,95.1568,95.1568,95.1568,95.1568,0
07/11/2025,95.7009,95.7009,95.7009,95.7009,0
07/14/2025,97.1186,97.1186,97.1186,97.1186,0
07/15/2025,96.7032,96.7032,96.7032,96.7032,0
07/16/2025,95.8530,95.8530,95.8530,95.8530,0
07/17/2025,96.3793,96.3793,96.3793,96.3793,0
07/18/2025,93.6448,93.6448,93.6448,93.6448,0
07/21/2025,96.3797,96.3797,96.3797,96.3797,0
07/22/2025,96.3561,96.3561,96.3561,96.3561,0
07/23/2025,95.2692,95.2692,95.2692,95.2692,0
07/24/2025,96.2251,96.2251,96.2251,96.2251,0
07/25/2025,97.2524,97.2524,97.2524,97.2524,0
07/28/2025,97.7808,97.7808,97.7808,97.7808,0
07/29/2025,97.0321,97.0321,97.0321,97.0321,0
07/30/2025,95.0756,95.0756,95.0756,95.0756,0
07/31/2025,91.3098,91.3098,91.3098,91.3098,0
08/01/2025,95.8958,95.8958,95.8958,95.8958,0
08/04/2025,96.2669,96.2669,96.2669,96.2669,0
08/05/2025,92.5895,92.5895,92.5895,92.5895,0
08/06/2025,87.3499,87.3499,87.3499,87.3499,0
08/07/2025,91.3444,91.3444,91.3444,91.3444,0
08/08/2025,86.0028,86.0028,86.0028,86.0028,0
08/11/2025,91.4723,91.4723,91.4723,91.4723,0
08/12/2025,93.3138,93.3138,93.3138,93.3138,0
08/13/2025,93.8400,93.8400,93.8400,93.8400,0
08/14/2025,91.5470,91.5470,91.5470,91.5470,0
08/15/2025,92.8690,92.8690,92.8690,92.8690,0
08/18/2025,94.1997,94.1997,94.1997,94.1997,0
08/19/2025,94.5447,94.5447,94.5447,94.5447,0
08/20/2025,96.1689,96.1689,96.1689,96.1689,0
08/21/2025,94.4817,94.4817,94.4817,94.4817,0
08/22/2025,94.2865,94.2865,94.2865,94.2865,0
08/25/2025,95.5059,95.5059,95.5059,95.5059,0
08/26/2025,93.9993,93.9993,93.9993,93.9993,0
08/27/2025,95.4849,95.4849,95.4849,95.4849,0
08/28/2025,92.8994,92.8994,92.8994,92.8994,0
08/29/2025,94.9442,94.9442,94.9442,94.9442,0
09/02/2025,97.7072,97.7072,97.7072,97.7072,0
09/03/2025,93.0245,93.0245,93.0245,93.0245,0
09/04/2025,96.4339,96.4339,96.4339,96.4339,0
09/05/2025,97.7710,97.7710,97.7710,97.7710,0
09/08/2025,95.7939,95.7939,95.7939,95.7939,0
09/09/2025,97.3925,97.3925,97.3925,97.3925,0
09/10/2025,95.8089,95.8089,95.8089,95.8089,0
09/11/2025,95.8170,95.8170,95.8170,95.8170,0
09/12/2025,95.8828,95.8828,95.8828,95.8828,0
09/15/2025,92.7248,92.7248,92.7248,92.7248,0
09/16/2025,96.3705,96.3705,96.3705,96.3705,0
09/17/2025,95.9024,95.9024,95.9024,95.9024,0
09/18/2025,95.0891,95.0891,95.0891,95.0891,0
09/19/2025,95.6666,95.6666,95.6666,95.6666,0
09/22/2025,95.9765,95.9765,95.9765,95.9765,0
09/23/2025,96.8858,96.8858,96.8858,96.8858,0
09/24/2025,95.3288,95.3288,95.3288,95.3288,0
09/25/2025,97.2685,97.2685,97.2685,97.2685,0
09/26/2025,95.7382,95.7382,95.7382,95.7382,0
09/29/2025,94.6863,94.6863,94.6863,94.6863,0
09/30/2025,92.6833,92.6833,92.6833,92.6833,0
10/01/2025,94.3075,94.3075,94.3075,94.3075,0
10/02/2025,97.1618,97.1618,97.1618,97.1618,0
10/03/2025,95.7072,95.7072,95.7072,95.7072,0
10/06/2025,96.8042,96.8042,96.8042,96.8042,0
10/07/2025,94.0049,94.0049,94.0049,94.0049,0
10/08/2025,96.3235,96.3235,96.3235,96.3235,0
10/09/2025,96.6111,96.6111,96.6111,96.6111,0
10/10/2025,94.0080,94.0080,94.0080,94.0080,0
10/13/2025,92.8486,92.8486,92.8486,92.8486,0
10/14/2025,95.6945,95.6945,95.6945,95.6945,0
10/15/2025,95.3359,95.3359,95.3359,95.3359,0
10/16/2025,94.9751,94.9751,94.9751,94.9751,0
10/17/2025,94.7194,94.7194,94.7194,94.7194,0
10/20/2025,95.4725,95.4725,95.4725,95.4725,0
10/21/2025,96.5811,96.5811,96.5811,96.5811,0
10/22/2025,91.1300,91.1300,91.1300,91.1300,0
10/23/2025,91.2358,91.2358,91.2358,91.2358,0
10/24/2025,92.7864,92.7864,92.7864,92.7864,0
10/27/2025,97.1309,97.1309,97.1309,97.1309,0
10/28/2025,97.4432,97.4432,97.4432,97.4432,0
10/29/2025,97.6600,97.6600,97.6600,97.6600,0
10/30/2025,97.9550,97.9550,97.9550,97.9550,0
10/31/2025,94.2816,94.2816,94.2816,94.2816,0
11/03/2025,95.4176,95.4176,95.4176,95.4176,0
11/04/2025,95.3337,95.3337,95.3337,95.3337,0
11/05/2025,93.4611,93.4611,93.4611,93.4611,0
11/06/2025,95.8527,95.8527,95.8527,95.8527,0
11/07/2025,95.8995,95.8995,95.8995,95.8995,0
11/10/2025,96.4301,96.4301,96.4301,96.4301,0
11/11/2025,96.9571,96.9571,96.9571,96.9571,0
11/12/2025,77.3647,77.3647,77.3647,77.3647,0
11/13/2025,95.0087,95.0087,95.0087,95.0087,0
11/14/2025,93.8311,93.8311,93.8311,93.8311,0
11/17/2025,92.5572,92.5572,92.5572,92.5572,0
11/18/2025,94.6611,94.6611,94.6611,94.6611,0
11/19/2025,94.3114,94.3114,94.3114,94.3114,0
11/20/2025,93.1067,93.1067,93.1067,93.1067,0
11/21/2025,95.4724,95.4724,95.4724,95.4724,0
11/24/2025,96.2057,96.2057,96.2057,96.2057,0
11/25/2025,95.4017,95.4017,95.4017,95.4017,0
11/26/2025,95.1623,95.1623,95.1623,95.1623,0
11/28/2025,95.6769,95.6769,95.6769,95.6769,0
12/01/2025,96.0939,96.0939,96.0939,96.0939,0
12/02/2025,94.7109,94.7109,94.7109,94.7109,0
12/03/2025,96.4458,96.4458,96.4458,96.4458,0
12/04/2025,96.0798,96.0798,96.0798,96.0798,0
12/05/2025,64.2246,64.2246,64.2246,64.2246,0
12/08/2025,94.9233,94.9233,94.9233,94.9233,0
12/09/2025,95.2000,95.2000,95.2000,95.2000,0
12/10/2025,96.7778,96.7778,96.7778,96.7778,0
12/11/2025,95.7058,95.7058,95.7058,95.7058,0
12/12/2025,91.4002,91.4002,91.4002,91.4002,0
12/15/2025,91.8205,91.8205,91.8205,91.8205,0
12/16/2025,94.8808,94.8808,94.8808,94.8808,0
12/17/2025,94.6574,94.6574,94.6574,94.6574,0
12/18/2025,94.8233,94.8233,94.8233,94.8233,0
12/19/2025,90.4509,90.4509,90.4509,90.4509,0
12/22/2025,96.3241,96.3241,96.3241,96.3241,0
12/23/2025,97.1238,97.1238,97.1238,97.1238,0
12/24/2025,96.4687,96.4687,96.4687,96.4687,0
12/26/2025,95.0168,95.0168,95.0168,95.0168,0
12/29/2025,95.7499,95.7499,95.7499,95.7499,0
12/30/2025,95.0881,95.0881,95.0881,95.0881,0
12/31/2025,98.2840,98.2840,98.2840,98.2840,0
01/02/2026,84.7160,84.7160,84.7160,84.7160,0
01/05/2026,94.2457,94.2457,94.2457,94.2457,0
01/06/2026,95.9177,95.9177,95.9177,95.9177,0
01/07/2026,93.5181,93.5181,93.5181,93.5181,0
01/08/2026,94.4940,94.4940,94.4940,94.4940,0
01/09/2026,95.5437,95.5437,95.5437,95.5437,0
01/12/2026,95.8600,95.8600,95.8600,95.8600,0
01/13/2026,91.8034,91.8034,91.8034,91.8034,0
01/14/2026,94.7255,94.7255,94.7255,94.7255,0
01/15/2026,95.6105,95.6105,95.6105,95.6105,0
01/16/2026,72.0355,72.0355,72.0355,72.0355,0
01/20/2026,94.5410,94.5410,94.5410,94.5410,0
01/21/2026,94.0565,94.0565,94.0565,94.0565,0
01/22/2026,88.6330,88.6330,88.6330,88.6330,0
01/23/2026,93.9753,93.9753,93.9753,93.9753,0
01/26/2026,94.5799,94.5799,94.5799,94.5799,0
01/27/2026,95.3469,95.3469,95.3469,95.3469,0
01/28/2026,93.3258,93.3258,93.3258,93.3258,0
01/29/2026,96.0575,96.0575,96.0575,96.0575,0
01/30/2026,95.4537,95.4537,95.4537,95.4537,0
02/02/2026,95.0004,95.0004,95.0004,95.0004,0
02/03/2026,96.3218,96.3218,96.3218,96.3218,0
02/04/2026,97.6360,97.6360,97.6360,97.6360,0
02/05/2026,97.4394,97.4394,97.4394,97.4394,0
02/06/2026,93.9203,93.9203,93.9203,93.9203,0
02/09/2026,96.9201,96.9201,96.9201,96.9201,0
02/10/2026,96.0896,96.0896,96.0896,96.0896,0
02/11/2026,96.0544,96.0544,96.0544,96.0544,0
02/12/2026,97.2087,97.2087,97.2087,97.2087,0
02/13/2026,97.6793,97.6793,97.6793,97.6793,0
02/17/2026,95.1644,95.1644,95.1644,95.1644,0
02/18/2026,94.4815,94.4815,94.4815,94.4815,0
02/19/2026,97.1904,97.1904,97.1904,97.1904,0
02/20/2026,96.0378,96.0378,96.0378,96.0378,0
02/23/2026,94.7517,94.7517,94.7517,94.7517,0
02/24/2026,94.3060,94.3060,94.3060,94.3060,0
02/25/2026,93.4662,93.4662,93.4662,93.4662,0
02/26/2026,94.2502,94.2502,94.2502,94.2502,0
02/27/2026,92.0031,92.0031,92.0031,92.0031,0
03/02/2026,92.1820,92.1820,92.1820,92.1820,0
03/03/2026,94.4765,94.4765,94.4765,94.4765,0
03/04/2026,94.9965,94.9965,94.9965,94.9965,0
03/05/2026,92.6043,92.6043,92.6043,92.6043,0
03/06/2026,93.9467,93.9467,93.9467,93.9467,0
03/09/2026,93.9839,93.9839,93.9839,93.9839,0
03/10/2026,96.8152,96.8152,96.8152,96.8152,0
03/11/2026,96.9629,96.9629,96.9629,96.9629,0
03/12/2026,95.2413,95.2413,95.2413,95.2413,0
03/13/2026,94.5155,94.5155,94.5155,94.5155,0
03/16/2026,96.4730,96.4730,96.4730,96.4730,0
03/17/2026,93.9815,93.9815,93.9815,93.9815,0
03/18/2026,65.2024,65.2024,65.2024,65.2024,0
03/19/2026,95.6579,95.6579,95.6579,95.6579,0
03/20/2026,92.2483,92.2483,92.2483,92.2483,0
03/23/2026,97.0014,97.0014,97.0014,97.0014,0
03/24/2026,90.3951,90.3951,90.3951,90.3951,0
03/25/2026,94.3591,94.3591,94.3591,94.3591,0
03/26/2026,93.4488,93.4488,93.4488,93.4488,0
03/27/2026,86.7610,86.7610,86.7610,86.7610,0
03/30/2026,90.3406,90.3406,90.3406,90.3406,0
03/31/2026,92.5691,92.5691,92.5691,92.5691,0
04/01/2026,96.3710,96.3710,96.3710,96.3710,0
04/02/2026,94.7365,94.7365,94.7365,94.7365,0
04/06/2026,95.3729,95.3729,95.3729,95.3729,0
04/07/2026,93.6572,93.6572,93.6572,93.6572,0
04/08/2026,90.3499,90.3499,90.3499,90.3499,0
04/09/2026,96.0108,96.0108,96.0108,96.0108,0
04/10/2026,94.5590,94.5590,94.5590,94.5590,0
04/13/2026,93.6471,93.6471,93.6471,93.6471,0
04/14/2026,93.3194,93.3194,93.3194,93.3194,0
04/15/2026,94.4612,94.4612,94.4612,94.4612,0
04/16/2026,93.1560,93.1560,93.1560,93.1560,0
04/17/2026,95.3291,95.3291,95.3291,95.3291,0
04/20/2026,94.2651,94.2651,94.2651,94.2651,0
04/21/2026,93.9185,93.9185,93.9185,93.9185,0
04/22/2026,96.8545,96.8545,96.8545,96.8545,0
04/23/2026,92.3715,92.3715,92.3715,92.3715,0
04/24/2026,47.2579,47.2579,47.2579,47.2579,0
04/27/2026,94.9429,94.9429,94.9429,94.9429,0
04/28/2026,90.7601,90.7601,90.7601,90.7601,0
04/29/2026,94.2207,94.2207,94.2207,94.2207,0
04/30/2026,92.8158,92.8158,92.8158,92.8158,0
05/01/2026,92.4100,92.4100,92.4100,92.4100,0
05/04/2026,94.3347,94.3347,94.3347,94.3347,0
05/05/2026,92.3083,92.3083,92.3083,92.3083,0
05/06/2026,93.0280,93.0280,93.0280,93.0280,0
05/07/2026,94.3104,94.3104,94.3104,94.3104,0
05/08/2026,94.3471,94.3471,94.3471,94.3471,0
05/11/2026,93.8396,93.8396,93.8396,93.8396,0
05/12/2026,94.5566,94.5566,94.5566,94.5566,0
05/13/2026,95.2884,95.2884,95.2884,95.2884,0
05/14/2026,95.2675,95.2675,95.2675,95.2675,0
05/15/2026,94.2623,94.2623,94.2623,94.2623,0
05/18/2026,95.0963,95.0963,95.0963,95.0963,0
05/19/2026,96.5448,96.5448,96.5448,96.5448,0
05/20/2026,93.4819,93.4819,93.4819,93.4819,0
05/21/2026,94.9831,94.9831,94.9831,94.9831,0
05/22/2026,89.5357,89.5357,89.5357,89.5357,0
05/26/2026,93.4009,93.4009,93.4009,93.4009,0
05/27/2026,95.4573,95.4573,95.4573,95.4573,0
05/28/2026,93.0868,93.0868,93.0868,93.0868,0
05/29/2026,96.8732,96.8732,96.8732,96.8732,0
06/01/2026,95.6663,95.6663,95.6663,95.6663,0
06/02/2026,94.9449,94.9449,94.9449,94.9449,0
06/03/2026,88.9010,88.9010,88.9010,88.9010,0
06/04/2026,89.1324,89.1324,89.1324,89.1324,0
06/05/2026,93.4865,93.4865,93.4865,93.4865,0
06/08/2026,93.1792,93.1792,93.1792,93.1792,0
06/09/2026,87.0836,87.0836,87.0836,87.0836,0
06/10/2026,91.0652,91.0652,91.0652,91.0652,0
06/11/2026,93.3751,93.3751,93.3751,93.3751,0
06/12/2026,90.5389,90.5389,90.5389,90.5389,0
06/15/2026,94.8179,94.8179,94.8179,94.8179,0
06/16/2026,95.7664,95.7664,95.7664,95.7664,0
06/17/2026,93.7899,93.7899,93.7899,93.7899,0
06/18/2026,93.4725,93.4725,93.4725,93.4725,0
06/22/2026,94.2846,94.2846,94.2846,94.2846,0
06/23/2026,59.6678,59.6678,59.6678,59.6678,0
06/24/2026,94.3665,94.3665,94.3665,94.3665,0
06/25/2026,92.1230,92.1230,92.1230,92.1230,0
06/26/2026,93.2156,93.2156,93.2156,93.2156,0
06/29/2026,94.2033,94.2033,94.2033,94.2033,0
06/30/2026,93.9277,93.9277,93.9277,93.9277,0
07/01/2026,95.5053,95.5053,95.5053,95.5053,0
07/02/2026,93.7553,93.7553,93.7553,93.7553,0
07/06/2026,95.2037,95.2037,95.2037,95.2037,0
07/07/2026,91.5238,91.5238,91.5238,91.5238,0
07/08/2026,94.6988,94.6988,94.6988,94.6988,0
07/09/2026,94.4942,94.4942,94.4942,94.4942,0
