Date,Open,High,Low,Close,Volume
10/10/2024,45.1250,45.1250,45.1250,45.1250,0
10/11/2024,45.1250,45.1250,45.1250,45.1250,0
10/14/2024,48.3750,48.3750,48.3750,48.3750,0
10/15/2024,44.9375,44.9375,44.9375,44.9375,0
10/16/2024,50.3000,50.3000,50.3000,50.3000,0
10/17/2024,50.6250,50.6250,50.6250,50.6250,0
10/18/2024,45.2857,45.2857,45.2857,45.2857,0
10/21/2024,42.5000,42.5000,42.5000,42.5000,0
10/22/2024,46.8333,46.8333,46.8333,46.8333,0
10/23/2024,45.4250,45.4250,45.4250,45.4250,0
10/24/2024,48.7045,48.7045,48.7045,48.7045,0
10/25/2024,49.0000,49.0000,49.0000,49.0000,0
10/28/2024,51.5000,51.5000,51.5000,51.5000,0
10/29/2024,51.5536,51.5536,51.5536,51.5536,0
10/30/2024,48.0907,48.0907,48.0907,48.0907,0
10/31/2024,43.5864,43.5864,43.5864,43.5864,0
11/01/2024,49.3521,49.3521,49.3521,49.3521,0
11/04/2024,49.2326,49.2326,49.2326,49.2326,0
11/05/2024,48.0260,48.0260,48.0260,48.0260,0
11/06/2024,53.5151,53.5151,53.5151,53.5151,0
11/07/2024,58.4075,58.4075,58.4075,58.4075,0
11/08/2024,57.8800,57.8800,57.8800,57.8800,0
11/11/2024,64.3797,64.3797,64.3797,64.3797,0
11/12/2024,67.4453,67.4453,67.4453,67.4453,0
11/13/2024,68.8835,68.8835,68.8835,68.8835,0
11/14/2024,61.9007,61.9007,61.9007,61.9007,0
11/15/2024,61.9329,61.9329,61.9329,61.9329,0
11/18/2024,61.9069,61.9069,61.9069,61.9069,0
11/19/2024,58.7429,58.7429,58.7429,58.7429,0
11/20/2024,58.2578,58.2578,58.2578,58.2578,0
11/21/2024,60.3441,60.3441,60.3441,60.3441,0
11/22/2024,63.5755,63.5755,63.5755,63.5755,0
11/25/2024,61.5323,61.5323,61.5323,61.5323,0
11/26/2024,61.5434,61.5434,61.5434,61.5434,0
11/27/2024,61.1918,61.1918,61.1918,61.1918,0
11/29/2024,60.2158,60.2158,60.2158,60.2158,0
12/02/2024,63.3799,63.3799,63.3799,63.3799,0
12/03/2024,58.3732,58.3732,58.3732,58.3732,0
12/04/2024,53.7815,53.7815,53.7815,53.7815,0
12/05/2024,52.7841,52.7841,52.7841,52.7841,0
12/06/2024,53.9134,53.9134,53.9134,53.9134,0
12/09/2024,52.4350,52.4350,52.4350,52.4350,0
12/10/2024,48.3856,48.3856,48.3856,48.3856,0
12/11/2024,49.4315,49.4315,49.4315,49.4315,0
12/12/2024,51.9220,51.9220,51.9220,51.9220,0
12/13/2024,48.8957,48.8957,48.8957,48.8957,0
12/16/2024,50.2383,50.2383,50.2383,50.2383,0
12/17/2024,49.2379,49.2379,49.2379,49.2379,0
12/18/2024,44.1804,44.1804,44.1804,44.1804,0
12/19/2024,42.9628,42.9628,42.9628,42.9628,0
12/20/2024,43.2022,43.2022,43.2022,43.2022,0
12/23/2024,42.9130,42.9130,42.9130,42.9130,0
12/24/2024,40.4794,40.4794,40.4794,40.4794,0
12/26/2024,38.4910,38.4910,38.4910,38.4910,0
12/27/2024,35.4649,35.4649,35.4649,35.4649,0
12/30/2024,32.2262,32.2262,32.2262,32.2262,0
12/31/2024,33.2078,33.2078,33.2078,33.2078,0
01/02/2025,34.4491,34.4491,34.4491,34.4491,0
01/03/2025,37.4070,37.4070,37.4070,37.4070,0
01/06/2025,44.3260,44.3260,44.3260,44.3260,0
01/07/2025,29.1948,29.1948,29.1948,29.1948,0
01/08/2025,38.8208,38.8208,38.8208,38.8208,0
01/10/2025,36.9306,36.9306,36.9306,36.9306,0
01/13/2025,31.9304,31.9304,31.9304,31.9304,0
01/14/2025,33.3506,33.3506,33.3506,33.3506,0
01/15/2025,37.8897,37.8897,37.8897,37.8897,0
01/16/2025,37.2829,37.2829,37.2829,37.2829,0
01/17/2025,37.2803,37.2803,37.2803,37.2803,0
01/21/2025,47.3340,47.3340,47.3340,47.3340,0
01/22/2025,47.4401,47.4401,47.4401,47.4401,0
01/23/2025,47.3689,47.3689,47.3689,47.3689,0
01/24/2025,51.0739,51.0739,51.0739,51.0739,0
01/27/2025,44.2541,44.2541,44.2541,44.2541,0
01/28/2025,56.9420,56.9420,56.9420,56.9420,0
01/29/2025,57.8581,57.8581,57.8581,57.8581,0
01/30/2025,60.3832,60.3832,60.3832,60.3832,0
01/31/2025,63.7753,63.7753,63.7753,63.7753,0
02/03/2025,60.9861,60.9861,60.9861,60.9861,0
02/04/2025,60.8219,60.8219,60.8219,60.8219,0
02/05/2025,64.1651,64.1651,64.1651,64.1651,0
02/06/2025,63.1833,63.1833,63.1833,63.1833,0
02/07/2025,58.8471,58.8471,58.8471,58.8471,0
02/10/2025,63.6956,63.6956,63.6956,63.6956,0
02/11/2025,60.7917,60.7917,60.7917,60.7917,0
02/12/2025,55.4419,55.4419,55.4419,55.4419,0
02/13/2025,61.7788,61.7788,61.7788,61.7788,0
02/14/2025,62.7463,62.7463,62.7463,62.7463,0
02/18/2025,62.4251,62.4251,62.4251,62.4251,0
02/19/2025,61.4760,61.4760,61.4760,61.4760,0
02/20/2025,54.7041,54.7041,54.7041,54.7041,0
02/21/2025,46.0054,46.0054,46.0054,46.0054,0
02/24/2025,47.3476,47.3476,47.3476,47.3476,0
02/25/2025,42.1164,42.1164,42.1164,42.1164,0
02/26/2025,39.4204,39.4204,39.4204,39.4204,0
02/27/2025,32.2275,32.2275,32.2275,32.2275,0
02/28/2025,36.5871,36.5871,36.5871,36.5871,0
03/03/2025,31.6419,31.6419,31.6419,31.6419,0
03/04/2025,36.1945,36.1945,36.1945,36.1945,0
03/05/2025,33.5129,33.5129,33.5129,33.5129,0
03/06/2025,33.1035,33.1035,33.1035,33.1035,0
03/07/2025,31.4740,31.4740,31.4740,31.4740,0
03/10/2025,32.0746,32.0746,32.0746,32.0746,0
03/11/2025,34.1151,34.1151,34.1151,34.1151,0
03/12/2025,29.2687,29.2687,29.2687,29.2687,0
03/13/2025,28.6164,28.6164,28.6164,28.6164,0
03/14/2025,35.0331,35.0331,35.0331,35.0331,0
03/17/2025,34.4859,34.4859,34.4859,34.4859,0
03/18/2025,33.6684,33.6684,33.6684,33.6684,0
03/19/2025,39.1526,39.1526,39.1526,39.1526,0
03/20/2025,40.7143,40.7143,40.7143,40.7143,0
03/21/2025,44.1596,44.1596,44.1596,44.1596,0
03/24/2025,54.2455,54.2455,54.2455,54.2455,0
03/25/2025,53.4501,53.4501,53.4501,53.4501,0
03/26/2025,47.3289,47.3289,47.3289,47.3289,0
03/27/2025,51.2751,51.2751,51.2751,51.2751,0
03/28/2025,44.5343,44.5343,44.5343,44.5343,0
03/31/2025,44.1327,44.1327,44.1327,44.1327,0
04/01/2025,43.8960,43.8960,43.8960,43.8960,0
04/02/2025,49.0429,49.0429,49.0429,49.0429,0
04/03/2025,38.4476,38.4476,38.4476,38.4476,0
04/04/2025,37.2938,37.2938,37.2938,37.2938,0
04/07/2025,36.2508,36.2508,36.2508,36.2508,0
04/08/2025,33.1692,33.1692,33.1692,33.1692,0
04/09/2025,41.0722,41.0722,41.0722,41.0722,0
04/10/2025,36.6073,36.6073,36.6073,36.6073,0
04/11/2025,37.7503,37.7503,37.7503,37.7503,0
04/14/2025,34.0879,34.0879,34.0879,34.0879,0
04/15/2025,36.6729,36.6729,36.6729,36.6729,0
04/16/2025,37.6153,37.6153,37.6153,37.6153,0
04/17/2025,43.4429,43.4429,43.4429,43.4429,0
04/21/2025,38.2950,38.2950,38.2950,38.2950,0
04/22/2025,42.7895,42.7895,42.7895,42.7895,0
04/23/2025,44.2589,44.2589,44.2589,44.2589,0
04/24/2025,54.6955,54.6955,54.6955,54.6955,0
04/25/2025,57.0577,57.0577,57.0577,57.0577,0
04/28/2025,61.2973,61.2973,61.2973,61.2973,0
04/29/2025,67.6348,67.6348,67.6348,67.6348,0
04/30/2025,57.6275,57.6275,57.6275,57.6275,0
05/01/2025,63.8201,63.8201,63.8201,63.8201,0
05/02/2025,68.6859,68.6859,68.6859,68.6859,0
05/05/2025,62.4607,62.4607,62.4607,62.4607,0
05/06/2025,60.0266,60.0266,60.0266,60.0266,0
05/07/2025,59.6002,59.6002,59.6002,59.6002,0
05/08/2025,56.7347,56.7347,56.7347,56.7347,0
05/09/2025,54.9961,54.9961,54.9961,54.9961,0
05/12/2025,64.3905,64.3905,64.3905,64.3905,0
05/13/2025,62.1765,62.1765,62.1765,62.1765,0
05/14/2025,63.2459,63.2459,63.2459,63.2459,0
05/15/2025,63.9235,63.9235,63.9235,63.9235,0
05/16/2025,69.1425,69.1425,69.1425,69.1425,0
05/19/2025,61.9542,61.9542,61.9542,61.9542,0
05/20/2025,59.3726,59.3726,59.3726,59.3726,0
05/21/2025,56.8698,56.8698,56.8698,56.8698,0
05/22/2025,52.6724,52.6724,52.6724,52.6724,0
05/23/2025,53.6508,53.6508,53.6508,53.6508,0
05/27/2025,58.0458,58.0458,58.0458,58.0458,0
05/28/2025,59.4932,59.4932,59.4932,59.4932,0
05/29/2025,58.6329,58.6329,58.6329,58.6329,0
05/30/2025,56.1319,56.1319,56.1319,56.1319,0
06/02/2025,53.8384,53.8384,53.8384,53.8384,0
06/03/2025,52.5875,52.5875,52.5875,52.5875,0
06/04/2025,56.3077,56.3077,56.3077,56.3077,0
06/05/2025,56.4785,56.4785,56.4785,56.4785,0
06/06/2025,60.0931,60.0931,60.0931,60.0931,0
06/09/2025,52.8589,52.8589,52.8589,52.8589,0
06/10/2025,55.7023,55.7023,55.7023,55.7023,0
06/11/2025,60.4130,60.4130,60.4130,60.4130,0
06/12/2025,55.1718,55.1718,55.1718,55.1718,0
06/13/2025,47.5057,47.5057,47.5057,47.5057,0
06/16/2025,53.1726,53.1726,53.1726,53.1726,0
06/17/2025,48.1823,48.1823,48.1823,48.1823,0
06/18/2025,47.0261,47.0261,47.0261,47.0261,0
06/20/2025,45.5237,45.5237,45.5237,45.5237,0
06/23/2025,52.1365,52.1365,52.1365,52.1365,0
06/24/2025,57.1978,57.1978,57.1978,57.1978,0
06/25/2025,57.9315,57.9315,57.9315,57.9315,0
06/26/2025,54.7057,54.7057,54.7057,54.7057,0
06/27/2025,53.9567,53.9567,53.9567,53.9567,0
06/30/2025,60.0640,60.0640,60.0640,60.0640,0
07/01/2025,50.5582,50.5582,50.5582,50.5582,0
07/02/2025,54.3972,54.3972,54.3972,54.3972,0
07/03/2025,58.3715,58.3715,58.3715,58.3715,0
07/07/2025,59.5048,59.5048,59.5048,59.5048,0
07/08/2025,50.5086,50.5086,50.5086,50.5086,0
07/09/2025,54.2187,54.2187,54.2187,54.2187,0
07/10/2025,53.0831,53.0831,53.0831,53.0831,0
07/11/2025,50.2141,50.2141,50.2141,50.2141,0
07/14/2025,53.8933,53.8933,53.8933,53.8933,0
07/15/2025,51.8236,51.8236,51.8236,51.8236,0
07/16/2025,56.3497,56.3497,56.3497,56.3497,0
07/17/2025,60.2865,60.2865,60.2865,60.2865,0
07/18/2025,60.8971,60.8971,60.8971,60.8971,0
07/21/2025,61.2405,61.2405,61.2405,61.2405,0
07/22/2025,59.0597,59.0597,59.0597,59.0597,0
07/23/2025,53.2182,53.2182,53.2182,53.2182,0
07/24/2025,53.4123,53.4123,53.4123,53.4123,0
07/25/2025,55.6228,55.6228,55.6228,55.6228,0
07/28/2025,58.7145,58.7145,58.7145,58.7145,0
07/29/2025,55.0287,55.0287,55.0287,55.0287,0
07/30/2025,52.5371,52.5371,52.5371,52.5371,0
07/31/2025,55.2523,55.2523,55.2523,55.2523,0
08/01/2025,47.3968,47.3968,47.3968,47.3968,0
08/04/2025,52.0682,52.0682,52.0682,52.0682,0
08/05/2025,56.2841,56.2841,56.2841,56.2841,0
08/06/2025,69.9078,69.9078,69.9078,69.9078,0
08/07/2025,67.4775,67.4775,67.4775,67.4775,0
08/08/2025,69.3628,69.3628,69.3628,69.3628,0
08/11/2025,63.2634,63.2634,63.2634,63.2634,0
08/12/2025,70.1700,70.1700,70.1700,70.1700,0
08/13/2025,69.1589,69.1589,69.1589,69.1589,0
08/14/2025,65.6510,65.6510,65.6510,65.6510,0
08/15/2025,63.1094,63.1094,63.1094,63.1094,0
08/18/2025,61.0554,61.0554,61.0554,61.0554,0
08/19/2025,61.1597,61.1597,61.1597,61.1597,0
08/20/2025,58.0500,58.0500,58.0500,58.0500,0
08/21/2025,50.3830,50.3830,50.3830,50.3830,0
08/22/2025,56.2446,56.2446,56.2446,56.2446,0
08/25/2025,54.7560,54.7560,54.7560,54.7560,0
08/26/2025,55.5189,55.5189,55.5189,55.5189,0
08/27/2025,54.0774,54.0774,54.0774,54.0774,0
08/28/2025,56.3594,56.3594,56.3594,56.3594,0
08/29/2025,49.3845,49.3845,49.3845,49.3845,0
09/02/2025,44.4242,44.4242,44.4242,44.4242,0
09/03/2025,37.4827,37.4827,37.4827,37.4827,0
09/04/2025,44.9561,44.9561,44.9561,44.9561,0
09/05/2025,48.9133,48.9133,48.9133,48.9133,0
09/08/2025,52.0918,52.0918,52.0918,52.0918,0
09/09/2025,50.9932,50.9932,50.9932,50.9932,0
09/10/2025,43.5607,43.5607,43.5607,43.5607,0
09/11/2025,53.0597,53.0597,53.0597,53.0597,0
09/12/2025,48.3646,48.3646,48.3646,48.3646,0
09/15/2025,59.7704,59.7704,59.7704,59.7704,0
09/16/2025,53.0784,53.0784,53.0784,53.0784,0
09/17/2025,56.5981,56.5981,56.5981,56.5981,0
09/18/2025,59.5675,59.5675,59.5675,59.5675,0
09/19/2025,61.8437,61.8437,61.8437,61.8437,0
09/22/2025,64.5676,64.5676,64.5676,64.5676,0
09/23/2025,53.5059,53.5059,53.5059,53.5059,0
09/24/2025,51.5887,51.5887,51.5887,51.5887,0
09/25/2025,38.7203,38.7203,38.7203,38.7203,0
09/26/2025,40.3821,40.3821,40.3821,40.3821,0
09/29/2025,42.9745,42.9745,42.9745,42.9745,0
09/30/2025,49.4855,49.4855,49.4855,49.4855,0
10/01/2025,50.3588,50.3588,50.3588,50.3588,0
10/02/2025,53.2794,53.2794,53.2794,53.2794,0
10/03/2025,61.8248,61.8248,61.8248,61.8248,0
10/06/2025,64.3331,64.3331,64.3331,64.3331,0
10/07/2025,66.7549,66.7549,66.7549,66.7549,0
10/08/2025,69.9595,69.9595,69.9595,69.9595,0
10/09/2025,67.0590,67.0590,67.0590,67.0590,0
10/10/2025,46.4062,46.4062,46.4062,46.4062,0
10/13/2025,49.7696,49.7696,49.7696,49.7696,0
10/14/2025,48.3758,48.3758,48.3758,48.3758,0
10/15/2025,52.2226,52.2226,52.2226,52.2226,0
10/16/2025,53.1296,53.1296,53.1296,53.1296,0
10/17/2025,54.2022,54.2022,54.2022,54.2022,0
10/20/2025,62.4777,62.4777,62.4777,62.4777,0
10/21/2025,61.6049,61.6049,61.6049,61.6049,0
10/22/2025,56.7260,56.7260,56.7260,56.7260,0
10/23/2025,64.6040,64.6040,64.6040,64.6040,0
10/24/2025,67.7989,67.7989,67.7989,67.7989,0
10/27/2025,67.0676,67.0676,67.0676,67.0676,0
10/28/2025,66.5367,66.5367,66.5367,66.5367,0
10/29/2025,66.7441,66.7441,66.7441,66.7441,0
10/30/2025,67.8859,67.8859,67.8859,67.8859,0
10/31/2025,65.9394,65.9394,65.9394,65.9394,0
11/03/2025,63.2344,63.2344,63.2344,63.2344,0
11/04/2025,44.1274,44.1274,44.1274,44.1274,0
11/05/2025,45.8300,45.8300,45.8300,45.8300,0
11/06/2025,41.6081,41.6081,41.6081,41.6081,0
11/07/2025,38.3388,38.3388,38.3388,38.3388,0
11/10/2025,41.3422,41.3422,41.3422,41.3422,0
11/11/2025,39.9704,39.9704,39.9704,39.9704,0
11/12/2025,33.4761,33.4761,33.4761,33.4761,0
11/13/2025,36.1301,36.1301,36.1301,36.1301,0
11/14/2025,36.3723,36.3723,36.3723,36.3723,0
11/17/2025,36.2365,36.2365,36.2365,36.2365,0
11/18/2025,36.9679,36.9679,36.9679,36.9679,0
11/19/2025,34.5010,34.5010,34.5010,34.5010,0
11/20/2025,30.6755,30.6755,30.6755,30.6755,0
11/21/2025,37.1883,37.1883,37.1883,37.1883,0
11/24/2025,39.9643,39.9643,39.9643,39.9643,0
11/25/2025,39.3786,39.3786,39.3786,39.3786,0
11/26/2025,44.8982,44.8982,44.8982,44.8982,0
11/28/2025,50.3870,50.3870,50.3870,50.3870,0
12/01/2025,39.9923,39.9923,39.9923,39.9923,0
12/02/2025,45.5530,45.5530,45.5530,45.5530,0
12/03/2025,49.3821,49.3821,49.3821,49.3821,0
12/04/2025,54.8262,54.8262,54.8262,54.8262,0
12/05/2025,54.9120,54.9120,54.9120,54.9120,0
12/08/2025,55.1227,55.1227,55.1227,55.1227,0
12/09/2025,57.8071,57.8071,57.8071,57.8071,0
12/10/2025,59.4702,59.4702,59.4702,59.4702,0
12/11/2025,59.0888,59.0888,59.0888,59.0888,0
12/12/2025,57.1375,57.1375,57.1375,57.1375,0
12/15/2025,54.5225,54.5225,54.5225,54.5225,0
12/16/2025,59.1148,59.1148,59.1148,59.1148,0
12/17/2025,55.5804,55.5804,55.5804,55.5804,0
12/18/2025,63.5054,63.5054,63.5054,63.5054,0
12/19/2025,62.8753,62.8753,62.8753,62.8753,0
12/22/2025,60.5498,60.5498,60.5498,60.5498,0
12/23/2025,58.5180,58.5180,58.5180,58.5180,0
12/24/2025,52.8419,52.8419,52.8419,52.8419,0
12/26/2025,53.5929,53.5929,53.5929,53.5929,0
12/29/2025,52.5301,52.5301,52.5301,52.5301,0
12/30/2025,44.0305,44.0305,44.0305,44.0305,0
12/31/2025,36.1528,36.1528,36.1528,36.1528,0
01/02/2026,36.2665,36.2665,36.2665,36.2665,0
01/05/2026,45.0654,45.0654,45.0654,45.0654,0
01/06/2026,50.6281,50.6281,50.6281,50.6281,0
01/07/2026,49.4993,49.4993,49.4993,49.4993,0
01/08/2026,54.0477,54.0477,54.0477,54.0477,0
01/09/2026,45.4562,45.4562,45.4562,45.4562,0
01/12/2026,47.1862,47.1862,47.1862,47.1862,0
01/13/2026,45.8112,45.8112,45.8112,45.8112,0
01/14/2026,34.9151,34.9151,34.9151,34.9151,0
01/15/2026,38.1096,38.1096,38.1096,38.1096,0
01/16/2026,34.5375,34.5375,34.5375,34.5375,0
01/20/2026,36.9819,36.9819,36.9819,36.9819,0
01/21/2026,36.4821,36.4821,36.4821,36.4821,0
01/22/2026,35.1550,35.1550,35.1550,35.1550,0
01/23/2026,37.0200,37.0200,37.0200,37.0200,0
01/26/2026,34.6681,34.6681,34.6681,34.6681,0
01/27/2026,35.5410,35.5410,35.5410,35.5410,0
01/28/2026,36.1990,36.1990,36.1990,36.1990,0
01/29/2026,37.2535,37.2535,37.2535,37.2535,0
01/30/2026,36.6292,36.6292,36.6292,36.6292,0
02/02/2026,37.1306,37.1306,37.1306,37.1306,0
02/03/2026,34.2129,34.2129,34.2129,34.2129,0
02/04/2026,35.0999,35.0999,35.0999,35.0999,0
02/05/2026,29.0642,29.0642,29.0642,29.0642,0
02/06/2026,33.9461,33.9461,33.9461,33.9461,0
02/09/2026,36.7251,36.7251,36.7251,36.7251,0
02/10/2026,35.9243,35.9243,35.9243,35.9243,0
02/11/2026,35.1449,35.1449,35.1449,35.1449,0
02/12/2026,34.7581,34.7581,34.7581,34.7581,0
02/13/2026,37.4984,37.4984,37.4984,37.4984,0
02/17/2026,35.9863,35.9863,35.9863,35.9863,0
02/18/2026,36.7452,36.7452,36.7452,36.7452,0
02/19/2026,38.3621,38.3621,38.3621,38.3621,0
02/20/2026,42.6917,42.6917,42.6917,42.6917,0
02/23/2026,39.2084,39.2084,39.2084,39.2084,0
02/24/2026,42.1740,42.1740,42.1740,42.1740,0
02/25/2026,45.7074,45.7074,45.7074,45.7074,0
02/26/2026,49.0587,49.0587,49.0587,49.0587,0
02/27/2026,47.6103,47.6103,47.6103,47.6103,0
03/02/2026,47.0810,47.0810,47.0810,47.0810,0
03/03/2026,50.9708,50.9708,50.9708,50.9708,0
03/04/2026,60.1221,60.1221,60.1221,60.1221,0
03/05/2026,61.1900,61.1900,61.1900,61.1900,0
03/06/2026,59.0878,59.0878,59.0878,59.0878,0
03/09/2026,59.3637,59.3637,59.3637,59.3637,0
03/10/2026,55.6342,55.6342,55.6342,55.6342,0
03/11/2026,56.7041,56.7041,56.7041,56.7041,0
03/12/2026,53.4894,53.4894,53.4894,53.4894,0
03/13/2026,51.7656,51.7656,51.7656,51.7656,0
03/16/2026,53.2924,53.2924,53.2924,53.2924,0
03/17/2026,54.9069,54.9069,54.9069,54.9069,0
03/18/2026,44.4018,44.4018,44.4018,44.4018,0
03/19/2026,48.3353,48.3353,48.3353,48.3353,0
03/20/2026,39.8445,39.8445,39.8445,39.8445,0
03/23/2026,47.3156,47.3156,47.3156,47.3156,0
03/24/2026,40.3027,40.3027,40.3027,40.3027,0
03/25/2026,41.5920,41.5920,41.5920,41.5920,0
03/26/2026,39.4232,39.4232,39.4232,39.4232,0
03/27/2026,39.9406,39.9406,39.9406,39.9406,0
03/30/2026,37.6207,37.6207,37.6207,37.6207,0
03/31/2026,41.7599,41.7599,41.7599,41.7599,0
04/01/2026,39.1201,39.1201,39.1201,39.1201,0
04/02/2026,39.2515,39.2515,39.2515,39.2515,0
04/06/2026,42.0499,42.0499,42.0499,42.0499,0
04/07/2026,41.0836,41.0836,41.0836,41.0836,0
04/08/2026,47.2220,47.2220,47.2220,47.2220,0
04/09/2026,38.6905,38.6905,38.6905,38.6905,0
04/10/2026,37.1551,37.1551,37.1551,37.1551,0
04/13/2026,31.0000,31.0000,31.0000,31.0000,0
04/14/2026,29.7305,29.7305,29.7305,29.7305,0
04/15/2026,52.0163,52.0163,52.0163,52.0163,0
04/16/2026,57.2192,57.2192,57.2192,57.2192,0
04/17/2026,55.3750,55.3750,55.3750,55.3750,0
04/20/2026,64.0529,64.0529,64.0529,64.0529,0
04/21/2026,54.6015,54.6015,54.6015,54.6015,0
04/22/2026,65.1468,65.1468,65.1468,65.1468,0
04/23/2026,38.9458,38.9458,38.9458,38.9458,0
04/24/2026,49.9693,49.9693,49.9693,49.9693,0
04/27/2026,48.5331,48.5331,48.5331,48.5331,0
04/28/2026,42.4408,42.4408,42.4408,42.4408,0
04/29/2026,45.2411,45.2411,45.2411,45.2411,0
04/30/2026,44.7622,44.7622,44.7622,44.7622,0
05/01/2026,53.0481,53.0481,53.0481,53.0481,0
05/04/2026,48.7691,48.7691,48.7691,48.7691,0
05/05/2026,20.8532,20.8532,20.8532,20.8532,0
05/06/2026,31.7435,31.7435,31.7435,31.7435,0
05/07/2026,34.6286,34.6286,34.6286,34.6286,0
05/08/2026,27.0372,27.0372,27.0372,27.0372,0
05/11/2026,31.7779,31.7779,31.7779,31.7779,0
05/12/2026,26.8690,26.8690,26.8690,26.8690,0
05/13/2026,21.9031,21.9031,21.9031,21.9031,0
05/14/2026,20.1412,20.1412,20.1412,20.1412,0
05/15/2026,40.2680,40.2680,40.2680,40.2680,0
05/18/2026,41.0961,41.0961,41.0961,41.0961,0
05/19/2026,36.2833,36.2833,36.2833,36.2833,0
05/20/2026,42.2986,42.2986,42.2986,42.2986,0
05/21/2026,37.9200,37.9200,37.9200,37.9200,0
05/22/2026,34.8008,34.8008,34.8008,34.8008,0
05/26/2026,37.1764,37.1764,37.1764,37.1764,0
05/27/2026,45.7800,45.7800,45.7800,45.7800,0
05/28/2026,43.0235,43.0235,43.0235,43.0235,0
05/29/2026,49.3936,49.3936,49.3936,49.3936,0
06/01/2026,51.5270,51.5270,51.5270,51.5270,0
06/02/2026,52.2234,52.2234,52.2234,52.2234,0
06/03/2026,52.4074,52.4074,52.4074,52.4074,0
06/04/2026,57.4393,57.4393,57.4393,57.4393,0
06/05/2026,47.6537,47.6537,47.6537,47.6537,0
06/08/2026,51.1960,51.1960,51.1960,51.1960,0
06/09/2026,47.0550,47.0550,47.0550,47.0550,0
06/10/2026,43.3184,43.3184,43.3184,43.3184,0
06/11/2026,43.4768,43.4768,43.4768,43.4768,0
06/12/2026,46.2865,46.2865,46.2865,46.2865,0
06/15/2026,43.4039,43.4039,43.4039,43.4039,0
06/16/2026,55.8809,55.8809,55.8809,55.8809,0
06/17/2026,47.4552,47.4552,47.4552,47.4552,0
06/18/2026,51.2938,51.2938,51.2938,51.2938,0
06/22/2026,47.6629,47.6629,47.6629,47.6629,0
06/23/2026,47.1345,47.1345,47.1345,47.1345,0
06/24/2026,56.6826,56.6826,56.6826,56.6826,0
06/25/2026,48.3438,48.3438,48.3438,48.3438,0
06/26/2026,58.8257,58.8257,58.8257,58.8257,0
06/29/2026,52.9890,52.9890,52.9890,52.9890,0
06/30/2026,54.4237,54.4237,54.4237,54.4237,0
07/01/2026,61.5207,61.5207,61.5207,61.5207,0
07/02/2026,59.7801,59.7801,59.7801,59.7801,0
07/06/2026,56.2060,56.2060,56.2060,56.2060,0
07/07/2026,59.4575,59.4575,59.4575,59.4575,0
07/08/2026,53.6366,53.6366,53.6366,53.6366,0
07/09/2026,58.7795,58.7795,58.7795,58.7795,0
07/10/2026,58.3758,58.3758,58.3758,58.3758,0
07/13/2026,57.4579,57.4579,57.4579,57.4579,0
07/14/2026,58.7654,58.7654,58.7654,58.7654,0
07/15/2026,52.8075,52.8075,52.8075,52.8075,0
07/16/2026,54.4911,54.4911,54.4911,54.4911,0
07/17/2026,57.0287,57.0287,57.0287,57.0287,0
07/20/2026,49.8541,49.8541,49.8541,49.8541,0
07/21/2026,50.1365,50.1365,50.1365,50.1365,0
07/22/2026,42.2523,42.2523,42.2523,42.2523,0
07/23/2026,27.3598,27.3598,27.3598,27.3598,0
07/24/2026,38.8085,38.8085,38.8085,38.8085,0
07/27/2026,55.3480,55.3480,55.3480,55.3480,0
07/28/2026,53.9059,53.9059,53.9059,53.9059,0
07/29/2026,53.7270,53.7270,53.7270,53.7270,0
07/30/2026,38.5102,38.5102,38.5102,38.5102,0
07/31/2026,39.2677,39.2677,39.2677,39.2677,0
08/03/2026,38.4910,38.4910,38.4910,38.4910,0
08/04/2026,48.1932,48.1932,48.1932,48.1932,0
08/05/2026,54.0662,54.0662,54.0662,54.0662,0
08/06/2026,50.7981,50.7981,50.7981,50.7981,0
08/07/2026,54.2414,54.2414,54.2414,54.2414,0
08/10/2026,56.3835,56.3835,56.3835,56.3835,0
08/11/2026,53.9368,53.9368,53.9368,53.9368,0
08/12/2026,57.8706,57.8706,57.8706,57.8706,0
08/13/2026,60.3190,60.3190,60.3190,60.3190,0
08/14/2026,52.6088,52.6088,52.6088,52.6088,0
08/17/2026,53.9794,53.9794,53.9794,53.9794,0
08/18/2026,56.4113,56.4113,56.4113,56.4113,0
08/19/2026,63.4286,63.4286,63.4286,63.4286,0
08/20/2026,63.5425,63.5425,63.5425,63.5425,0
08/21/2026,64.4486,64.4486,64.4486,64.4486,0
08/24/2026,52.9381,52.9381,52.9381,52.9381,0
08/25/2026,46.1766,46.1766,46.1766,46.1766,0
08/26/2026,58.9040,58.9040,58.9040,58.9040,0
08/27/2026,50.8851,50.8851,50.8851,50.8851,0
08/28/2026,59.1775,59.1775,59.1775,59.1775,0
08/31/2026,37.3804,37.3804,37.3804,37.3804,0
09/01/2026,24.9432,24.9432,24.9432,24.9432,0
09/02/2026,32.3047,32.3047,32.3047,32.3047,0
09/03/2026,30.4293,30.4293,30.4293,30.4293,0
09/04/2026,22.9499,22.9499,22.9499,22.9499,0
09/08/2026,32.6058,32.6058,32.6058,32.6058,0
09/09/2026,34.3912,34.3912,34.3912,34.3912,0
09/10/2026,38.5275,38.5275,38.5275,38.5275,0
09/11/2026,33.8468,33.8468,33.8468,33.8468,0
09/14/2026,29.1261,29.1261,29.1261,29.1261,0
09/15/2026,39.5733,39.5733,39.5733,39.5733,0
09/16/2026,33.4369,33.4369,33.4369,33.4369,0
09/17/2026,43.7166,43.7166,43.7166,43.7166,0
09/18/2026,28.6804,28.6804,28.6804,28.6804,0
09/21/2026,50.2579,50.2579,50.2579,50.2579,0
09/22/2026,53.9903,53.9903,53.9903,53.9903,0
09/23/2026,48.6990,48.6990,48.6990,48.6990,0
09/24/2026,44.7775,44.7775,44.7775,44.7775,0
09/25/2026,34.1438,34.1438,34.1438,34.1438,0
09/28/2026,58.3153,58.3153,58.3153,58.3153,0
09/29/2026,51.9431,51.9431,51.9431,51.9431,0
09/30/2026,67.7038,67.7038,67.7038,67.7038,0
10/01/2026,66.4189,66.4189,66.4189,66.4189,0
10/02/2026,67.5159,67.5159,67.5159,67.5159,0
10/05/2026,72.0846,72.0846,72.0846,72.0846,0
10/06/2026,70.8230,70.8230,70.8230,70.8230,0
10/07/2026,55.6695,55.6695,55.6695,55.6695,0
10/08/2026,52.6502,52.6502,52.6502,52.6502,0
