Date,Open,High,Low,Close,Volume
09/03/2025,67.6200,67.6200,67.6200,67.6200,0
09/04/2025,61.7100,61.7100,61.7100,61.7100,0
09/05/2025,66.0800,66.0800,66.0800,66.0800,0
09/08/2025,53.2700,53.2700,53.2700,53.2700,0
09/09/2025,47.0800,47.0800,47.0800,47.0800,0
09/10/2025,52.5600,52.5600,52.5600,52.5600,0
09/11/2025,56.3000,56.3000,56.3000,56.3000,0
09/12/2025,61.6300,61.6300,61.6300,61.6300,0
09/15/2025,61.2400,61.2400,61.2400,61.2400,0
09/16/2025,51.9100,51.9100,51.9100,51.9100,0
09/17/2025,47.2600,47.2600,47.2600,47.2600,0
09/18/2025,56.6300,56.6300,56.6300,56.6300,0
09/19/2025,65.5900,65.5900,65.5900,65.5900,0
09/22/2025,71.5600,71.5600,71.5600,71.5600,0
09/23/2025,62.3400,62.3400,62.3400,62.3400,0
09/24/2025,55.3800,55.3800,55.3800,55.3800,0
09/25/2025,66.1700,66.1700,66.1700,66.1700,0
09/26/2025,66.2700,66.2700,66.2700,66.2700,0
09/29/2025,69.1200,69.1200,69.1200,69.1200,0
09/30/2025,64.6600,64.6600,64.6600,64.6600,0
10/01/2025,55.0600,55.0600,55.0600,55.0600,0
10/02/2025,57.6000,57.6000,57.6000,57.6000,0
10/03/2025,66.7500,66.7500,66.7500,66.7500,0
10/06/2025,70.3400,70.3400,70.3400,70.3400,0
10/07/2025,62.6800,62.6800,62.6800,62.6800,0
10/08/2025,66.6800,66.6800,66.6800,66.6800,0
10/09/2025,64.5600,64.5600,64.5600,64.5600,0
10/10/2025,70.4400,70.4400,70.4400,70.4400,0
10/13/2025,69.0800,69.0800,69.0800,69.0800,0
10/14/2025,66.8800,66.8800,66.8800,66.8800,0
10/15/2025,66.1000,66.1000,66.1000,66.1000,0
10/16/2025,65.9800,65.9800,65.9800,65.9800,0
10/17/2025,41.7600,41.7600,41.7600,41.7600,0
10/20/2025,52.9600,52.9600,52.9600,52.9600,0
10/21/2025,51.7900,51.7900,51.7900,51.7900,0
10/22/2025,51.2800,51.2800,51.2800,51.2800,0
10/23/2025,59.3600,59.3600,59.3600,59.3600,0
10/24/2025,51.4400,51.4400,51.4400,51.4400,0
10/27/2025,41.8600,41.8600,41.8600,41.8600,0
10/28/2025,61.1900,61.1900,61.1900,61.1900,0
10/29/2025,58.3300,58.3300,58.3300,58.3300,0
10/30/2025,61.2200,61.2200,61.2200,61.2200,0
10/31/2025,61.3500,61.3500,61.3500,61.3500,0
11/03/2025,53.2000,53.2000,53.2000,53.2000,0
11/04/2025,60.4300,60.4300,60.4300,60.4300,0
11/05/2025,58.2600,58.2600,58.2600,58.2600,0
11/06/2025,58.3800,58.3800,58.3800,58.3800,0
11/07/2025,58.7900,58.7900,58.7900,58.7900,0
11/10/2025,69.1600,69.1600,69.1600,69.1600,0
11/11/2025,69.1300,69.1300,69.1300,69.1300,0
11/12/2025,67.4600,67.4600,67.4600,67.4600,0
11/13/2025,62.7900,62.7900,62.7900,62.7900,0
11/14/2025,50.6300,50.6300,50.6300,50.6300,0
11/17/2025,62.0700,62.0700,62.0700,62.0700,0
11/18/2025,63.5800,63.5800,63.5800,63.5800,0
11/19/2025,62.0900,62.0900,62.0900,62.0900,0
11/20/2025,66.2600,66.2600,66.2600,66.2600,0
11/21/2025,57.5200,57.5200,57.5200,57.5200,0
11/24/2025,67.6300,67.6300,67.6300,67.6300,0
11/25/2025,62.7500,62.7500,62.7500,62.7500,0
11/26/2025,67.7100,67.7100,67.7100,67.7100,0
11/28/2025,70.4300,70.4300,70.4300,70.4300,0
12/01/2025,72.5100,72.5100,72.5100,72.5100,0
12/02/2025,71.7000,71.7000,71.7000,71.7000,0
12/03/2025,67.3900,67.3900,67.3900,67.3900,0
12/04/2025,59.0500,59.0500,59.0500,59.0500,0
12/05/2025,59.2400,59.2400,59.2400,59.2400,0
12/08/2025,65.9000,65.9000,65.9000,65.9000,0
12/09/2025,65.2500,65.2500,65.2500,65.2500,0
12/10/2025,64.7700,64.7700,64.7700,64.7700,0
12/11/2025,63.7500,63.7500,63.7500,63.7500,0
12/12/2025,55.2500,55.2500,55.2500,55.2500,0
12/15/2025,71.2500,71.2500,71.2500,71.2500,0
12/16/2025,63.7600,63.7600,63.7600,63.7600,0
12/17/2025,66.2400,66.2400,66.2400,66.2400,0
12/18/2025,58.7000,58.7000,58.7000,58.7000,0
12/19/2025,65.6500,65.6500,65.6500,65.6500,0
12/22/2025,53.4600,53.4600,53.4600,53.4600,0
12/23/2025,61.9500,61.9500,61.9500,61.9500,0
12/24/2025,62.8400,62.8400,62.8400,62.8400,0
12/26/2025,60.8100,60.8100,60.8100,60.8100,0
12/29/2025,57.7400,57.7400,57.7400,57.7400,0
12/30/2025,57.1600,57.1600,57.1600,57.1600,0
12/31/2025,64.1300,64.1300,64.1300,64.1300,0
01/02/2026,44.0200,44.0200,44.0200,44.0200,0
01/05/2026,42.8400,42.8400,42.8400,42.8400,0
01/06/2026,51.9800,51.9800,51.9800,51.9800,0
01/07/2026,69.4700,69.4700,69.4700,69.4700,0
01/08/2026,61.9300,61.9300,61.9300,61.9300,0
01/09/2026,59.5700,59.5700,59.5700,59.5700,0
01/12/2026,43.7300,43.7300,43.7300,43.7300,0
01/13/2026,40.3500,40.3500,40.3500,40.3500,0
01/14/2026,50.5600,50.5600,50.5600,50.5600,0
01/15/2026,54.1000,54.1000,54.1000,54.1000,0
01/16/2026,56.3000,56.3000,56.3000,56.3000,0
01/20/2026,52.1000,52.1000,52.1000,52.1000,0
01/21/2026,50.8700,50.8700,50.8700,50.8700,0
01/22/2026,54.8900,54.8900,54.8900,54.8900,0
01/23/2026,53.1400,53.1400,53.1400,53.1400,0
01/26/2026,52.7800,52.7800,52.7800,52.7800,0
01/27/2026,48.2100,48.2100,48.2100,48.2100,0
01/28/2026,51.5600,51.5600,51.5600,51.5600,0
01/29/2026,57.9000,57.9000,57.9000,57.9000,0
01/30/2026,57.6300,57.6300,57.6300,57.6300,0
02/02/2026,24.8000,24.8000,24.8000,24.8000,0
02/03/2026,34.5700,34.5700,34.5700,34.5700,0
02/04/2026,32.5900,32.5900,32.5900,32.5900,0
02/05/2026,37.8800,37.8800,37.8800,37.8800,0
02/06/2026,42.0000,42.0000,42.0000,42.0000,0
02/09/2026,47.8300,47.8300,47.8300,47.8300,0
02/10/2026,45.6500,45.6500,45.6500,45.6500,0
02/11/2026,33.7800,33.7800,33.7800,33.7800,0
02/12/2026,35.3600,35.3600,35.3600,35.3600,0
02/13/2026,23.3400,23.3400,23.3400,23.3400,0
02/17/2026,32.8800,32.8800,32.8800,32.8800,0
02/18/2026,35.7400,35.7400,35.7400,35.7400,0
02/19/2026,43.5800,43.5800,43.5800,43.5800,0
02/20/2026,51.1200,51.1200,51.1200,51.1200,0
02/23/2026,49.7900,49.7900,49.7900,49.7900,0
02/24/2026,41.3500,41.3500,41.3500,41.3500,0
02/25/2026,34.6900,34.6900,34.6900,34.6900,0
02/26/2026,30.7300,30.7300,30.7300,30.7300,0
02/27/2026,32.6600,32.6600,32.6600,32.6600,0
03/02/2026,45.6100,45.6100,45.6100,45.6100,0
03/03/2026,30.9400,30.9400,30.9400,30.9400,0
03/04/2026,28.4900,28.4900,28.4900,28.4900,0
03/05/2026,39.9900,39.9900,39.9900,39.9900,0
03/06/2026,29.4700,29.4700,29.4700,29.4700,0
03/09/2026,28.4800,28.4800,28.4800,28.4800,0
03/10/2026,28.7000,28.7000,28.7000,28.7000,0
03/11/2026,40.1000,40.1000,40.1000,40.1000,0
03/12/2026,34.5000,34.5000,34.5000,34.5000,0
03/13/2026,30.6300,30.6300,30.6300,30.6300,0
03/16/2026,41.1100,41.1100,41.1100,41.1100,0
03/17/2026,32.5900,32.5900,32.5900,32.5900,0
03/18/2026,37.7000,37.7000,37.7000,37.7000,0
03/19/2026,43.1400,43.1400,43.1400,43.1400,0
03/20/2026,49.8000,49.8000,49.8000,49.8000,0
03/23/2026,39.0200,39.0200,39.0200,39.0200,0
03/24/2026,45.2100,45.2100,45.2100,45.2100,0
03/25/2026,33.5600,33.5600,33.5600,33.5600,0
03/26/2026,48.3400,48.3400,48.3400,48.3400,0
03/27/2026,39.4500,39.4500,39.4500,39.4500,0
03/30/2026,48.9600,48.9600,48.9600,48.9600,0
03/31/2026,44.5700,44.5700,44.5700,44.5700,0
04/01/2026,47.8200,47.8200,47.8200,47.8200,0
04/02/2026,56.0700,56.0700,56.0700,56.0700,0
04/06/2026,47.1600,47.1600,47.1600,47.1600,0
04/07/2026,52.4900,52.4900,52.4900,52.4900,0
04/08/2026,41.2100,41.2100,41.2100,41.2100,0
04/09/2026,50.0100,50.0100,50.0100,50.0100,0
04/10/2026,42.2900,42.2900,42.2900,42.2900,0
04/13/2026,58.9100,58.9100,58.9100,58.9100,0
04/14/2026,42.0000,42.0000,42.0000,42.0000,0
04/15/2026,55.6100,55.6100,55.6100,55.6100,0
04/16/2026,59.1600,59.1600,59.1600,59.1600,0
04/17/2026,42.7700,42.7700,42.7700,42.7700,0
04/20/2026,45.1900,45.1900,45.1900,45.1900,0
04/21/2026,42.6900,42.6900,42.6900,42.6900,0
04/22/2026,36.1800,36.1800,36.1800,36.1800,0
04/23/2026,34.6700,34.6700,34.6700,34.6700,0
04/24/2026,53.3300,53.3300,53.3300,53.3300,0
04/27/2026,52.6000,52.6000,52.6000,52.6000,0
04/28/2026,56.3800,56.3800,56.3800,56.3800,0
04/29/2026,41.6200,41.6200,41.6200,41.6200,0
04/30/2026,44.4900,44.4900,44.4900,44.4900,0
05/01/2026,52.2500,52.2500,52.2500,52.2500,0
05/04/2026,52.8700,52.8700,52.8700,52.8700,0
05/05/2026,48.3100,48.3100,48.3100,48.3100,0
05/06/2026,46.4100,46.4100,46.4100,46.4100,0
05/07/2026,51.7200,51.7200,51.7200,51.7200,0
05/08/2026,56.9500,56.9500,56.9500,56.9500,0
05/11/2026,49.1000,49.1000,49.1000,49.1000,0
05/12/2026,53.6700,53.6700,53.6700,53.6700,0
05/13/2026,53.9500,53.9500,53.9500,53.9500,0
05/14/2026,44.7700,44.7700,44.7700,44.7700,0
05/15/2026,42.9400,42.9400,42.9400,42.9400,0
05/18/2026,43.4600,43.4600,43.4600,43.4600,0
05/19/2026,62.5700,62.5700,62.5700,62.5700,0
05/20/2026,61.4100,61.4100,61.4100,61.4100,0
05/21/2026,51.5300,51.5300,51.5300,51.5300,0
05/22/2026,44.1300,44.1300,44.1300,44.1300,0
05/26/2026,39.6700,39.6700,39.6700,39.6700,0
05/27/2026,57.6600,57.6600,57.6600,57.6600,0
05/28/2026,38.3300,38.3300,38.3300,38.3300,0
05/29/2026,47.6200,47.6200,47.6200,47.6200,0
06/01/2026,47.6000,47.6000,47.6000,47.6000,0
06/02/2026,52.6000,52.6000,52.6000,52.6000,0
06/03/2026,56.4100,56.4100,56.4100,56.4100,0
06/04/2026,47.2500,47.2500,47.2500,47.2500,0
06/05/2026,58.0300,58.0300,58.0300,58.0300,0
06/08/2026,58.4800,58.4800,58.4800,58.4800,0
06/09/2026,54.7100,54.7100,54.7100,54.7100,0
06/10/2026,57.6800,57.6800,57.6800,57.6800,0
06/11/2026,52.9800,52.9800,52.9800,52.9800,0
06/12/2026,48.0600,48.0600,48.0600,48.0600,0
06/15/2026,52.7600,52.7600,52.7600,52.7600,0
06/16/2026,60.3000,60.3000,60.3000,60.3000,0
06/17/2026,50.5100,50.5100,50.5100,50.5100,0
06/18/2026,47.2200,47.2200,47.2200,47.2200,0
06/22/2026,34.6700,34.6700,34.6700,34.6700,0
06/23/2026,49.7800,49.7800,49.7800,49.7800,0
06/24/2026,54.2800,54.2800,54.2800,54.2800,0
06/25/2026,57.2200,57.2200,57.2200,57.2200,0
06/26/2026,58.0700,58.0700,58.0700,58.0700,0
06/29/2026,59.3100,59.3100,59.3100,59.3100,0
06/30/2026,50.9200,50.9200,50.9200,50.9200,0
07/01/2026,52.8000,52.8000,52.8000,52.8000,0
07/02/2026,45.8000,45.8000,45.8000,45.8000,0
07/06/2026,49.1500,49.1500,49.1500,49.1500,0
07/07/2026,60.1000,60.1000,60.1000,60.1000,0
07/08/2026,51.5800,51.5800,51.5800,51.5800,0
07/09/2026,60.7300,60.7300,60.7300,60.7300,0
07/10/2026,45.3200,45.3200,45.3200,45.3200,0
07/13/2026,54.4700,54.4700,54.4700,54.4700,0
07/14/2026,45.4800,45.4800,45.4800,45.4800,0
07/15/2026,43.2500,43.2500,43.2500,43.2500,0
07/16/2026,53.6600,53.6600,53.6600,53.6600,0
07/17/2026,59.7700,59.7700,59.7700,59.7700,0
07/20/2026,59.8400,59.8400,59.8400,59.8400,0
07/21/2026,50.7500,50.7500,50.7500,50.7500,0
07/22/2026,54.0900,54.0900,54.0900,54.0900,0
07/23/2026,58.6100,58.6100,58.6100,58.6100,0
07/24/2026,43.8700,43.8700,43.8700,43.8700,0
07/27/2026,67.4400,67.4400,67.4400,67.4400,0
07/28/2026,51.4300,51.4300,51.4300,51.4300,0
07/29/2026,61.2800,61.2800,61.2800,61.2800,0
07/30/2026,43.9300,43.9300,43.9300,43.9300,0
07/31/2026,55.7600,55.7600,55.7600,55.7600,0
08/03/2026,56.4500,56.4500,56.4500,56.4500,0
08/04/2026,49.2200,49.2200,49.2200,49.2200,0
08/05/2026,59.9500,59.9500,59.9500,59.9500,0
08/06/2026,60.0600,60.0600,60.0600,60.0600,0
08/07/2026,58.6500,58.6500,58.6500,58.6500,0
08/10/2026,65.5200,65.5200,65.5200,65.5200,0
08/11/2026,50.7400,50.7400,50.7400,50.7400,0
08/12/2026,47.9300,47.9300,47.9300,47.9300,0
08/13/2026,42.7500,42.7500,42.7500,42.7500,0
08/14/2026,56.6600,56.6600,56.6600,56.6600,0
08/17/2026,51.7400,51.7400,51.7400,51.7400,0
08/18/2026,44.6800,44.6800,44.6800,44.6800,0
08/19/2026,54.9400,54.9400,54.9400,54.9400,0
08/20/2026,62.6500,62.6500,62.6500,62.6500,0
08/21/2026,58.6600,58.6600,58.6600,58.6600,0
08/24/2026,59.5700,59.5700,59.5700,59.5700,0
08/25/2026,61.5900,61.5900,61.5900,61.5900,0
08/26/2026,55.3600,55.3600,55.3600,55.3600,0
08/27/2026,61.0800,61.0800,61.0800,61.0800,0
08/28/2026,52.4000,52.4000,52.4000,52.4000,0
08/31/2026,67.9000,67.9000,67.9000,67.9000,0
09/01/2026,61.5900,61.5900,61.5900,61.5900,0
09/02/2026,68.7700,68.7700,68.7700,68.7700,0
