Date,Open,High,Low,Close,Volume
10/08/2024,45.1250,45.1250,45.1250,45.1250,0
10/09/2024,50.0000,50.0000,50.0000,50.0000,0
10/10/2024,45.1250,45.1250,45.1250,45.1250,0
10/11/2024,45.1250,45.1250,45.1250,45.1250,0
10/14/2024,45.1250,45.1250,45.1250,45.1250,0
10/15/2024,45.7500,45.7500,45.7500,45.7500,0
10/16/2024,45.2857,45.2857,45.2857,45.2857,0
10/17/2024,46.1562,46.1562,46.1562,46.1562,0
10/18/2024,44.6667,44.6667,44.6667,44.6667,0
10/21/2024,47.3750,47.3750,47.3750,47.3750,0
10/22/2024,44.2727,44.2727,44.2727,44.2727,0
10/23/2024,50.6250,50.6250,50.6250,50.6250,0
10/24/2024,47.7500,47.7500,47.7500,47.7500,0
10/25/2024,50.8571,50.8571,50.8571,50.8571,0
10/28/2024,51.6379,51.6379,51.6379,51.6379,0
10/29/2024,48.6937,48.6937,48.6937,48.6937,0
10/30/2024,51.5282,51.5282,51.5282,51.5282,0
10/31/2024,56.8303,56.8303,56.8303,56.8303,0
11/01/2024,57.0450,57.0450,57.0450,57.0450,0
11/04/2024,59.7468,59.7468,59.7468,59.7468,0
11/05/2024,61.8267,61.8267,61.8267,61.8267,0
11/06/2024,47.3493,47.3493,47.3493,47.3493,0
11/07/2024,46.4022,46.4022,46.4022,46.4022,0
11/08/2024,43.2963,43.2963,43.2963,43.2963,0
11/11/2024,39.4105,39.4105,39.4105,39.4105,0
11/12/2024,40.3263,40.3263,40.3263,40.3263,0
11/13/2024,36.7366,36.7366,36.7366,36.7366,0
11/14/2024,35.7002,35.7002,35.7002,35.7002,0
11/15/2024,35.3468,35.3468,35.3468,35.3468,0
11/18/2024,43.4904,43.4904,43.4904,43.4904,0
11/19/2024,45.7316,45.7316,45.7316,45.7316,0
11/20/2024,45.6985,45.6985,45.6985,45.6985,0
11/21/2024,46.0596,46.0596,46.0596,46.0596,0
11/22/2024,47.2922,47.2922,47.2922,47.2922,0
11/25/2024,40.3445,40.3445,40.3445,40.3445,0
11/26/2024,43.8004,43.8004,43.8004,43.8004,0
11/27/2024,40.1268,40.1268,40.1268,40.1268,0
11/29/2024,50.8505,50.8505,50.8505,50.8505,0
12/02/2024,52.4488,52.4488,52.4488,52.4488,0
12/03/2024,56.7070,56.7070,56.7070,56.7070,0
12/04/2024,59.3093,59.3093,59.3093,59.3093,0
12/05/2024,56.7599,56.7599,56.7599,56.7599,0
12/06/2024,60.2470,60.2470,60.2470,60.2470,0
12/09/2024,62.3920,62.3920,62.3920,62.3920,0
12/10/2024,60.8386,60.8386,60.8386,60.8386,0
12/11/2024,63.6706,63.6706,63.6706,63.6706,0
12/12/2024,49.5602,49.5602,49.5602,49.5602,0
12/13/2024,41.3373,41.3373,41.3373,41.3373,0
12/16/2024,50.0792,50.0792,50.0792,50.0792,0
12/17/2024,52.1024,52.1024,52.1024,52.1024,0
12/18/2024,38.1274,38.1274,38.1274,38.1274,0
12/19/2024,36.1814,36.1814,36.1814,36.1814,0
12/20/2024,45.2241,45.2241,45.2241,45.2241,0
12/23/2024,44.1786,44.1786,44.1786,44.1786,0
12/24/2024,43.1767,43.1767,43.1767,43.1767,0
12/26/2024,46.2672,46.2672,46.2672,46.2672,0
12/27/2024,40.6800,40.6800,40.6800,40.6800,0
12/30/2024,28.4657,28.4657,28.4657,28.4657,0
12/31/2024,34.0191,34.0191,34.0191,34.0191,0
01/02/2025,41.0422,41.0422,41.0422,41.0422,0
01/03/2025,42.4060,42.4060,42.4060,42.4060,0
01/06/2025,49.7233,49.7233,49.7233,49.7233,0
01/07/2025,47.9181,47.9181,47.9181,47.9181,0
01/08/2025,48.2311,48.2311,48.2311,48.2311,0
01/10/2025,50.6041,50.6041,50.6041,50.6041,0
01/13/2025,46.4852,46.4852,46.4852,46.4852,0
01/14/2025,54.2016,54.2016,54.2016,54.2016,0
01/15/2025,64.4440,64.4440,64.4440,64.4440,0
01/16/2025,60.9302,60.9302,60.9302,60.9302,0
01/17/2025,60.7123,60.7123,60.7123,60.7123,0
01/21/2025,67.9099,67.9099,67.9099,67.9099,0
01/22/2025,60.8461,60.8461,60.8461,60.8461,0
01/23/2025,57.3654,57.3654,57.3654,57.3654,0
01/24/2025,66.6160,66.6160,66.6160,66.6160,0
01/27/2025,53.4965,53.4965,53.4965,53.4965,0
01/28/2025,53.8450,53.8450,53.8450,53.8450,0
01/29/2025,64.0134,64.0134,64.0134,64.0134,0
01/30/2025,66.1878,66.1878,66.1878,66.1878,0
01/31/2025,65.8595,65.8595,65.8595,65.8595,0
02/03/2025,64.9166,64.9166,64.9166,64.9166,0
02/04/2025,70.7830,70.7830,70.7830,70.7830,0
02/05/2025,64.3677,64.3677,64.3677,64.3677,0
02/06/2025,63.5963,63.5963,63.5963,63.5963,0
02/07/2025,60.2484,60.2484,60.2484,60.2484,0
02/10/2025,61.7778,61.7778,61.7778,61.7778,0
02/11/2025,57.0088,57.0088,57.0088,57.0088,0
02/12/2025,61.6331,61.6331,61.6331,61.6331,0
02/13/2025,63.3608,63.3608,63.3608,63.3608,0
02/14/2025,61.1615,61.1615,61.1615,61.1615,0
02/18/2025,64.4168,64.4168,64.4168,64.4168,0
02/19/2025,64.5767,64.5767,64.5767,64.5767,0
02/20/2025,63.1408,63.1408,63.1408,63.1408,0
02/21/2025,63.7717,63.7717,63.7717,63.7717,0
02/24/2025,62.9911,62.9911,62.9911,62.9911,0
02/25/2025,53.8639,53.8639,53.8639,53.8639,0
02/26/2025,53.1201,53.1201,53.1201,53.1201,0
02/27/2025,42.6837,42.6837,42.6837,42.6837,0
02/28/2025,40.6002,40.6002,40.6002,40.6002,0
03/03/2025,43.3845,43.3845,43.3845,43.3845,0
03/04/2025,46.3427,46.3427,46.3427,46.3427,0
03/05/2025,53.5460,53.5460,53.5460,53.5460,0
03/06/2025,50.8535,50.8535,50.8535,50.8535,0
03/07/2025,55.6858,55.6858,55.6858,55.6858,0
03/10/2025,48.1595,48.1595,48.1595,48.1595,0
03/11/2025,54.6296,54.6296,54.6296,54.6296,0
03/12/2025,56.1439,56.1439,56.1439,56.1439,0
03/13/2025,59.2012,59.2012,59.2012,59.2012,0
03/14/2025,64.6100,64.6100,64.6100,64.6100,0
03/17/2025,64.2922,64.2922,64.2922,64.2922,0
03/18/2025,62.9620,62.9620,62.9620,62.9620,0
03/19/2025,67.3334,67.3334,67.3334,67.3334,0
03/20/2025,63.3932,63.3932,63.3932,63.3932,0
03/21/2025,53.3931,53.3931,53.3931,53.3931,0
03/24/2025,54.5854,54.5854,54.5854,54.5854,0
03/25/2025,59.5043,59.5043,59.5043,59.5043,0
03/26/2025,53.8562,53.8562,53.8562,53.8562,0
03/27/2025,62.2818,62.2818,62.2818,62.2818,0
03/28/2025,63.3802,63.3802,63.3802,63.3802,0
03/31/2025,62.0922,62.0922,62.0922,62.0922,0
04/01/2025,54.2999,54.2999,54.2999,54.2999,0
04/02/2025,49.1238,49.1238,49.1238,49.1238,0
04/03/2025,31.2762,31.2762,31.2762,31.2762,0
04/04/2025,32.7569,32.7569,32.7569,32.7569,0
04/07/2025,32.3944,32.3944,32.3944,32.3944,0
04/08/2025,33.5092,33.5092,33.5092,33.5092,0
04/09/2025,35.7672,35.7672,35.7672,35.7672,0
04/10/2025,37.6486,37.6486,37.6486,37.6486,0
04/11/2025,43.3377,43.3377,43.3377,43.3377,0
04/14/2025,44.4405,44.4405,44.4405,44.4405,0
04/15/2025,50.0572,50.0572,50.0572,50.0572,0
04/16/2025,51.0844,51.0844,51.0844,51.0844,0
04/17/2025,49.9187,49.9187,49.9187,49.9187,0
04/21/2025,52.2944,52.2944,52.2944,52.2944,0
04/22/2025,51.1498,51.1498,51.1498,51.1498,0
04/23/2025,63.1714,63.1714,63.1714,63.1714,0
04/24/2025,59.3548,59.3548,59.3548,59.3548,0
04/25/2025,62.0553,62.0553,62.0553,62.0553,0
04/28/2025,58.3281,58.3281,58.3281,58.3281,0
04/29/2025,59.0897,59.0897,59.0897,59.0897,0
04/30/2025,58.2353,58.2353,58.2353,58.2353,0
05/01/2025,56.0254,56.0254,56.0254,56.0254,0
05/02/2025,54.6297,54.6297,54.6297,54.6297,0
05/05/2025,58.9906,58.9906,58.9906,58.9906,0
05/06/2025,65.1722,65.1722,65.1722,65.1722,0
05/07/2025,52.6554,52.6554,52.6554,52.6554,0
05/08/2025,50.6217,50.6217,50.6217,50.6217,0
05/09/2025,53.7110,53.7110,53.7110,53.7110,0
05/12/2025,52.5830,52.5830,52.5830,52.5830,0
05/13/2025,54.5308,54.5308,54.5308,54.5308,0
05/14/2025,42.3979,42.3979,42.3979,42.3979,0
05/15/2025,44.9115,44.9115,44.9115,44.9115,0
05/16/2025,43.6409,43.6409,43.6409,43.6409,0
05/19/2025,45.7111,45.7111,45.7111,45.7111,0
05/20/2025,51.0541,51.0541,51.0541,51.0541,0
05/21/2025,55.3422,55.3422,55.3422,55.3422,0
05/22/2025,50.4598,50.4598,50.4598,50.4598,0
05/23/2025,57.7392,57.7392,57.7392,57.7392,0
05/27/2025,51.0084,51.0084,51.0084,51.0084,0
05/28/2025,48.5400,48.5400,48.5400,48.5400,0
05/29/2025,54.8803,54.8803,54.8803,54.8803,0
05/30/2025,49.9910,49.9910,49.9910,49.9910,0
06/02/2025,65.2779,65.2779,65.2779,65.2779,0
06/03/2025,62.6663,62.6663,62.6663,62.6663,0
06/04/2025,62.9032,62.9032,62.9032,62.9032,0
06/05/2025,66.9533,66.9533,66.9533,66.9533,0
06/06/2025,68.1681,68.1681,68.1681,68.1681,0
06/09/2025,66.3289,66.3289,66.3289,66.3289,0
06/10/2025,66.4157,66.4157,66.4157,66.4157,0
06/11/2025,63.9225,63.9225,63.9225,63.9225,0
06/12/2025,66.0756,66.0756,66.0756,66.0756,0
06/13/2025,71.4022,71.4022,71.4022,71.4022,0
06/16/2025,67.8317,67.8317,67.8317,67.8317,0
06/17/2025,69.1736,69.1736,69.1736,69.1736,0
06/18/2025,66.5938,66.5938,66.5938,66.5938,0
06/20/2025,60.9518,60.9518,60.9518,60.9518,0
06/23/2025,62.4775,62.4775,62.4775,62.4775,0
06/24/2025,60.9485,60.9485,60.9485,60.9485,0
06/25/2025,62.1837,62.1837,62.1837,62.1837,0
06/26/2025,62.2232,62.2232,62.2232,62.2232,0
06/27/2025,57.4364,57.4364,57.4364,57.4364,0
06/30/2025,51.7566,51.7566,51.7566,51.7566,0
07/01/2025,46.6640,46.6640,46.6640,46.6640,0
07/02/2025,52.4829,52.4829,52.4829,52.4829,0
07/03/2025,56.6374,56.6374,56.6374,56.6374,0
07/07/2025,51.8384,51.8384,51.8384,51.8384,0
07/08/2025,50.3714,50.3714,50.3714,50.3714,0
07/09/2025,39.7514,39.7514,39.7514,39.7514,0
07/10/2025,58.2701,58.2701,58.2701,58.2701,0
07/11/2025,65.6014,65.6014,65.6014,65.6014,0
07/14/2025,61.6147,61.6147,61.6147,61.6147,0
07/15/2025,59.7822,59.7822,59.7822,59.7822,0
07/16/2025,60.1996,60.1996,60.1996,60.1996,0
07/17/2025,58.2240,58.2240,58.2240,58.2240,0
07/18/2025,59.6005,59.6005,59.6005,59.6005,0
07/21/2025,68.4285,68.4285,68.4285,68.4285,0
07/22/2025,73.0272,73.0272,73.0272,73.0272,0
07/23/2025,70.7600,70.7600,70.7600,70.7600,0
07/24/2025,68.3250,68.3250,68.3250,68.3250,0
07/25/2025,59.5513,59.5513,59.5513,59.5513,0
07/28/2025,60.2931,60.2931,60.2931,60.2931,0
07/29/2025,59.3901,59.3901,59.3901,59.3901,0
07/30/2025,46.0859,46.0859,46.0859,46.0859,0
07/31/2025,42.2831,42.2831,42.2831,42.2831,0
08/01/2025,43.0455,43.0455,43.0455,43.0455,0
08/04/2025,46.6454,46.6454,46.6454,46.6454,0
08/05/2025,45.8719,45.8719,45.8719,45.8719,0
08/06/2025,48.8575,48.8575,48.8575,48.8575,0
08/07/2025,51.9864,51.9864,51.9864,51.9864,0
08/08/2025,52.1938,52.1938,52.1938,52.1938,0
08/11/2025,44.4042,44.4042,44.4042,44.4042,0
08/12/2025,47.7269,47.7269,47.7269,47.7269,0
08/13/2025,54.5349,54.5349,54.5349,54.5349,0
08/14/2025,49.7694,49.7694,49.7694,49.7694,0
08/15/2025,44.1718,44.1718,44.1718,44.1718,0
08/18/2025,42.5483,42.5483,42.5483,42.5483,0
08/19/2025,37.1358,37.1358,37.1358,37.1358,0
08/20/2025,44.7974,44.7974,44.7974,44.7974,0
08/21/2025,49.8923,49.8923,49.8923,49.8923,0
08/22/2025,59.3549,59.3549,59.3549,59.3549,0
08/25/2025,52.8415,52.8415,52.8415,52.8415,0
08/26/2025,50.8576,50.8576,50.8576,50.8576,0
08/27/2025,53.8355,53.8355,53.8355,53.8355,0
08/28/2025,54.0880,54.0880,54.0880,54.0880,0
08/29/2025,66.9544,66.9544,66.9544,66.9544,0
09/02/2025,63.4490,63.4490,63.4490,63.4490,0
09/03/2025,64.8482,64.8482,64.8482,64.8482,0
09/04/2025,63.9979,63.9979,63.9979,63.9979,0
09/05/2025,63.3150,63.3150,63.3150,63.3150,0
09/08/2025,68.9028,68.9028,68.9028,68.9028,0
09/09/2025,68.9012,68.9012,68.9012,68.9012,0
09/10/2025,68.4651,68.4651,68.4651,68.4651,0
09/11/2025,67.8604,67.8604,67.8604,67.8604,0
09/12/2025,67.8982,67.8982,67.8982,67.8982,0
09/15/2025,69.5118,69.5118,69.5118,69.5118,0
09/16/2025,71.0158,71.0158,71.0158,71.0158,0
09/17/2025,65.5042,65.5042,65.5042,65.5042,0
09/18/2025,62.7614,62.7614,62.7614,62.7614,0
09/19/2025,64.6818,64.6818,64.6818,64.6818,0
09/22/2025,65.0917,65.0917,65.0917,65.0917,0
09/23/2025,66.3940,66.3940,66.3940,66.3940,0
09/24/2025,68.5638,68.5638,68.5638,68.5638,0
09/25/2025,66.7853,66.7853,66.7853,66.7853,0
09/26/2025,66.8313,66.8313,66.8313,66.8313,0
09/29/2025,66.5703,66.5703,66.5703,66.5703,0
09/30/2025,69.9019,69.9019,69.9019,69.9019,0
10/01/2025,74.0417,74.0417,74.0417,74.0417,0
10/02/2025,70.8675,70.8675,70.8675,70.8675,0
10/03/2025,68.9068,68.9068,68.9068,68.9068,0
10/06/2025,68.5463,68.5463,68.5463,68.5463,0
10/07/2025,68.3517,68.3517,68.3517,68.3517,0
10/08/2025,69.7161,69.7161,69.7161,69.7161,0
10/09/2025,70.2584,70.2584,70.2584,70.2584,0
10/10/2025,68.4138,68.4138,68.4138,68.4138,0
10/13/2025,69.6477,69.6477,69.6477,69.6477,0
10/14/2025,68.9017,68.9017,68.9017,68.9017,0
10/15/2025,70.9103,70.9103,70.9103,70.9103,0
10/16/2025,71.1953,71.1953,71.1953,71.1953,0
10/17/2025,70.9228,70.9228,70.9228,70.9228,0
10/20/2025,70.5199,70.5199,70.5199,70.5199,0
10/21/2025,54.0231,54.0231,54.0231,54.0231,0
10/22/2025,53.2823,53.2823,53.2823,53.2823,0
10/23/2025,48.9252,48.9252,48.9252,48.9252,0
10/24/2025,49.0071,49.0071,49.0071,49.0071,0
10/27/2025,43.2910,43.2910,43.2910,43.2910,0
10/28/2025,38.7566,38.7566,38.7566,38.7566,0
10/29/2025,41.0126,41.0126,41.0126,41.0126,0
10/30/2025,45.1911,45.1911,45.1911,45.1911,0
10/31/2025,41.9703,41.9703,41.9703,41.9703,0
11/03/2025,43.4000,43.4000,43.4000,43.4000,0
11/04/2025,36.6613,36.6613,36.6613,36.6613,0
11/05/2025,39.7555,39.7555,39.7555,39.7555,0
11/06/2025,39.7773,39.7773,39.7773,39.7773,0
11/07/2025,40.5023,40.5023,40.5023,40.5023,0
11/10/2025,47.6579,47.6579,47.6579,47.6579,0
11/11/2025,51.2440,51.2440,51.2440,51.2440,0
11/12/2025,59.8283,59.8283,59.8283,59.8283,0
11/13/2025,58.1353,58.1353,58.1353,58.1353,0
11/14/2025,54.9588,54.9588,54.9588,54.9588,0
11/17/2025,46.8003,46.8003,46.8003,46.8003,0
11/18/2025,51.9847,51.9847,51.9847,51.9847,0
11/19/2025,53.2718,53.2718,53.2718,53.2718,0
11/20/2025,46.8119,46.8119,46.8119,46.8119,0
11/21/2025,48.2065,48.2065,48.2065,48.2065,0
11/24/2025,52.0007,52.0007,52.0007,52.0007,0
11/25/2025,53.3731,53.3731,53.3731,53.3731,0
11/26/2025,59.7903,59.7903,59.7903,59.7903,0
11/28/2025,65.0783,65.0783,65.0783,65.0783,0
12/01/2025,65.5641,65.5641,65.5641,65.5641,0
12/02/2025,65.8888,65.8888,65.8888,65.8888,0
12/03/2025,66.7252,66.7252,66.7252,66.7252,0
12/04/2025,67.4003,67.4003,67.4003,67.4003,0
12/05/2025,71.0743,71.0743,71.0743,71.0743,0
12/08/2025,66.9489,66.9489,66.9489,66.9489,0
12/09/2025,69.9980,69.9980,69.9980,69.9980,0
12/10/2025,70.5176,70.5176,70.5176,70.5176,0
12/11/2025,71.5287,71.5287,71.5287,71.5287,0
12/12/2025,71.6551,71.6551,71.6551,71.6551,0
12/15/2025,69.0681,69.0681,69.0681,69.0681,0
12/16/2025,71.6435,71.6435,71.6435,71.6435,0
12/17/2025,71.7460,71.7460,71.7460,71.7460,0
12/18/2025,73.1190,73.1190,73.1190,73.1190,0
12/19/2025,71.1728,71.1728,71.1728,71.1728,0
12/22/2025,76.1500,76.1500,76.1500,76.1500,0
12/23/2025,73.8300,73.8300,73.8300,73.8300,0
12/24/2025,73.3256,73.3256,73.3256,73.3256,0
12/26/2025,75.3758,75.3758,75.3758,75.3758,0
12/29/2025,70.9582,70.9582,70.9582,70.9582,0
12/30/2025,73.7860,73.7860,73.7860,73.7860,0
12/31/2025,62.6564,62.6564,62.6564,62.6564,0
01/02/2026,69.5275,69.5275,69.5275,69.5275,0
01/05/2026,74.0329,74.0329,74.0329,74.0329,0
01/06/2026,75.5987,75.5987,75.5987,75.5987,0
01/07/2026,64.2251,64.2251,64.2251,64.2251,0
01/08/2026,65.1807,65.1807,65.1807,65.1807,0
01/09/2026,69.3646,69.3646,69.3646,69.3646,0
01/12/2026,75.7248,75.7248,75.7248,75.7248,0
01/13/2026,76.4247,76.4247,76.4247,76.4247,0
01/14/2026,76.0369,76.0369,76.0369,76.0369,0
01/15/2026,73.6600,73.6600,73.6600,73.6600,0
01/16/2026,70.2768,70.2768,70.2768,70.2768,0
01/20/2026,74.9776,74.9776,74.9776,74.9776,0
01/21/2026,73.0084,73.0084,73.0084,73.0084,0
01/22/2026,74.3854,74.3854,74.3854,74.3854,0
01/23/2026,75.8637,75.8637,75.8637,75.8637,0
01/26/2026,76.2787,76.2787,76.2787,76.2787,0
01/27/2026,76.6637,76.6637,76.6637,76.6637,0
01/28/2026,77.0095,77.0095,77.0095,77.0095,0
01/29/2026,74.6944,74.6944,74.6944,74.6944,0
01/30/2026,47.4685,47.4685,47.4685,47.4685,0
02/02/2026,46.2753,46.2753,46.2753,46.2753,0
02/03/2026,48.9906,48.9906,48.9906,48.9906,0
02/04/2026,48.8236,48.8236,48.8236,48.8236,0
02/05/2026,38.7229,38.7229,38.7229,38.7229,0
02/06/2026,41.1333,41.1333,41.1333,41.1333,0
02/09/2026,45.2796,45.2796,45.2796,45.2796,0
02/10/2026,41.2470,41.2470,41.2470,41.2470,0
02/11/2026,45.0200,45.0200,45.0200,45.0200,0
02/12/2026,38.2725,38.2725,38.2725,38.2725,0
02/13/2026,39.4698,39.4698,39.4698,39.4698,0
02/17/2026,37.3835,37.3835,37.3835,37.3835,0
02/18/2026,38.2317,38.2317,38.2317,38.2317,0
02/19/2026,38.1560,38.1560,38.1560,38.1560,0
02/20/2026,42.2474,42.2474,42.2474,42.2474,0
02/23/2026,47.0172,47.0172,47.0172,47.0172,0
02/24/2026,45.7654,45.7654,45.7654,45.7654,0
02/25/2026,47.9964,47.9964,47.9964,47.9964,0
02/26/2026,50.9907,50.9907,50.9907,50.9907,0
02/27/2026,62.9914,62.9914,62.9914,62.9914,0
03/02/2026,55.8813,55.8813,55.8813,55.8813,0
03/03/2026,48.3731,48.3731,48.3731,48.3731,0
03/04/2026,48.1364,48.1364,48.1364,48.1364,0
03/05/2026,45.7674,45.7674,45.7674,45.7674,0
03/06/2026,51.8585,51.8585,51.8585,51.8585,0
03/09/2026,54.8070,54.8070,54.8070,54.8070,0
03/10/2026,55.2354,55.2354,55.2354,55.2354,0
03/11/2026,50.0053,50.0053,50.0053,50.0053,0
03/12/2026,47.6445,47.6445,47.6445,47.6445,0
03/13/2026,44.3655,44.3655,44.3655,44.3655,0
03/16/2026,42.1649,42.1649,42.1649,42.1649,0
03/17/2026,40.7719,40.7719,40.7719,40.7719,0
03/18/2026,36.0737,36.0737,36.0737,36.0737,0
03/19/2026,32.2786,32.2786,32.2786,32.2786,0
03/20/2026,30.0088,30.0088,30.0088,30.0088,0
03/23/2026,34.0519,34.0519,34.0519,34.0519,0
03/24/2026,32.6134,32.6134,32.6134,32.6134,0
03/25/2026,38.4532,38.4532,38.4532,38.4532,0
03/26/2026,30.3497,30.3497,30.3497,30.3497,0
03/27/2026,35.2993,35.2993,35.2993,35.2993,0
03/30/2026,32.5011,32.5011,32.5011,32.5011,0
03/31/2026,39.0314,39.0314,39.0314,39.0314,0
04/01/2026,38.9496,38.9496,38.9496,38.9496,0
04/02/2026,34.3162,34.3162,34.3162,34.3162,0
04/06/2026,37.4066,37.4066,37.4066,37.4066,0
04/07/2026,35.3952,35.3952,35.3952,35.3952,0
04/08/2026,42.4766,42.4766,42.4766,42.4766,0
04/09/2026,42.6532,42.6532,42.6532,42.6532,0
04/10/2026,49.3835,49.3835,49.3835,49.3835,0
04/13/2026,45.1188,45.1188,45.1188,45.1188,0
04/14/2026,57.5674,57.5674,57.5674,57.5674,0
04/15/2026,50.2797,50.2797,50.2797,50.2797,0
04/16/2026,36.3559,36.3559,36.3559,36.3559,0
04/17/2026,59.1520,59.1520,59.1520,59.1520,0
04/20/2026,54.7112,54.7112,54.7112,54.7112,0
04/21/2026,49.2991,49.2991,49.2991,49.2991,0
04/22/2026,52.1479,52.1479,52.1479,52.1479,0
04/23/2026,48.7815,48.7815,48.7815,48.7815,0
04/24/2026,43.3881,43.3881,43.3881,43.3881,0
04/27/2026,42.7674,42.7674,42.7674,42.7674,0
04/28/2026,39.7933,39.7933,39.7933,39.7933,0
04/29/2026,27.1444,27.1444,27.1444,27.1444,0
04/30/2026,48.1657,48.1657,48.1657,48.1657,0
05/01/2026,50.9917,50.9917,50.9917,50.9917,0
05/04/2026,31.6147,31.6147,31.6147,31.6147,0
05/05/2026,26.9435,26.9435,26.9435,26.9435,0
05/06/2026,45.5208,45.5208,45.5208,45.5208,0
05/07/2026,29.5800,29.5800,29.5800,29.5800,0
05/08/2026,48.5883,48.5883,48.5883,48.5883,0
05/11/2026,40.0504,40.0504,40.0504,40.0504,0
05/12/2026,41.0963,41.0963,41.0963,41.0963,0
05/13/2026,57.6767,57.6767,57.6767,57.6767,0
05/14/2026,53.0708,53.0708,53.0708,53.0708,0
05/15/2026,41.8638,41.8638,41.8638,41.8638,0
05/18/2026,43.0187,43.0187,43.0187,43.0187,0
05/19/2026,34.1122,34.1122,34.1122,34.1122,0
05/20/2026,38.1746,38.1746,38.1746,38.1746,0
05/21/2026,40.6428,40.6428,40.6428,40.6428,0
05/22/2026,42.9287,42.9287,42.9287,42.9287,0
05/26/2026,47.7219,47.7219,47.7219,47.7219,0
05/27/2026,36.0399,36.0399,36.0399,36.0399,0
05/28/2026,45.9187,45.9187,45.9187,45.9187,0
05/29/2026,38.5333,38.5333,38.5333,38.5333,0
06/01/2026,38.1813,38.1813,38.1813,38.1813,0
06/02/2026,33.2133,33.2133,33.2133,33.2133,0
06/03/2026,30.0410,30.0410,30.0410,30.0410,0
06/04/2026,26.8719,26.8719,26.8719,26.8719,0
06/05/2026,25.2282,25.2282,25.2282,25.2282,0
06/08/2026,17.6125,17.6125,17.6125,17.6125,0
06/09/2026,36.2709,36.2709,36.2709,36.2709,0
06/10/2026,27.4823,27.4823,27.4823,27.4823,0
06/11/2026,31.1664,31.1664,31.1664,31.1664,0
06/12/2026,27.2463,27.2463,27.2463,27.2463,0
06/15/2026,31.5057,31.5057,31.5057,31.5057,0
06/16/2026,50.3954,50.3954,50.3954,50.3954,0
06/17/2026,20.7529,20.7529,20.7529,20.7529,0
06/18/2026,30.4286,30.4286,30.4286,30.4286,0
06/22/2026,39.5379,39.5379,39.5379,39.5379,0
06/23/2026,34.4779,34.4779,34.4779,34.4779,0
06/24/2026,33.9872,33.9872,33.9872,33.9872,0
06/25/2026,39.8128,39.8128,39.8128,39.8128,0
06/26/2026,39.0182,39.0182,39.0182,39.0182,0
06/29/2026,25.7872,25.7872,25.7872,25.7872,0
06/30/2026,47.0392,47.0392,47.0392,47.0392,0
07/01/2026,26.1550,26.1550,26.1550,26.1550,0
07/02/2026,52.9142,52.9142,52.9142,52.9142,0
07/06/2026,54.6002,54.6002,54.6002,54.6002,0
07/07/2026,43.4787,43.4787,43.4787,43.4787,0
07/08/2026,42.8731,42.8731,42.8731,42.8731,0
07/09/2026,43.5845,43.5845,43.5845,43.5845,0
07/10/2026,39.3710,39.3710,39.3710,39.3710,0
07/13/2026,40.8530,40.8530,40.8530,40.8530,0
07/14/2026,50.1070,50.1070,50.1070,50.1070,0
07/15/2026,45.2009,45.2009,45.2009,45.2009,0
07/16/2026,35.9113,35.9113,35.9113,35.9113,0
07/17/2026,24.0063,24.0063,24.0063,24.0063,0
07/20/2026,27.6692,27.6692,27.6692,27.6692,0
07/21/2026,48.7865,48.7865,48.7865,48.7865,0
07/22/2026,56.6884,56.6884,56.6884,56.6884,0
07/23/2026,48.6027,48.6027,48.6027,48.6027,0
07/24/2026,55.5357,55.5357,55.5357,55.5357,0
07/27/2026,40.6139,40.6139,40.6139,40.6139,0
07/28/2026,50.9081,50.9081,50.9081,50.9081,0
07/29/2026,36.9842,36.9842,36.9842,36.9842,0
07/30/2026,61.1506,61.1506,61.1506,61.1506,0
07/31/2026,50.8332,50.8332,50.8332,50.8332,0
08/03/2026,48.0433,48.0433,48.0433,48.0433,0
08/04/2026,51.5511,51.5511,51.5511,51.5511,0
08/05/2026,67.8836,67.8836,67.8836,67.8836,0
08/06/2026,65.6367,65.6367,65.6367,65.6367,0
08/07/2026,57.3206,57.3206,57.3206,57.3206,0
08/10/2026,54.6330,54.6330,54.6330,54.6330,0
08/11/2026,60.2283,60.2283,60.2283,60.2283,0
08/12/2026,55.3662,55.3662,55.3662,55.3662,0
08/13/2026,60.4167,60.4167,60.4167,60.4167,0
08/14/2026,56.8020,56.8020,56.8020,56.8020,0
08/17/2026,54.6530,54.6530,54.6530,54.6530,0
08/18/2026,68.1708,68.1708,68.1708,68.1708,0
08/19/2026,54.4280,54.4280,54.4280,54.4280,0
08/20/2026,62.0423,62.0423,62.0423,62.0423,0
08/21/2026,57.3789,57.3789,57.3789,57.3789,0
08/24/2026,66.8090,66.8090,66.8090,66.8090,0
08/25/2026,57.3805,57.3805,57.3805,57.3805,0
08/26/2026,57.4439,57.4439,57.4439,57.4439,0
08/27/2026,56.8994,56.8994,56.8994,56.8994,0
08/28/2026,52.5241,52.5241,52.5241,52.5241,0
08/31/2026,41.6698,41.6698,41.6698,41.6698,0
09/01/2026,38.7740,38.7740,38.7740,38.7740,0
09/02/2026,38.5425,38.5425,38.5425,38.5425,0
09/03/2026,42.6638,42.6638,42.6638,42.6638,0
09/04/2026,38.4041,38.4041,38.4041,38.4041,0
09/08/2026,33.0573,33.0573,33.0573,33.0573,0
09/09/2026,42.1988,42.1988,42.1988,42.1988,0
09/10/2026,29.5878,29.5878,29.5878,29.5878,0
09/11/2026,43.8225,43.8225,43.8225,43.8225,0
09/14/2026,35.3724,35.3724,35.3724,35.3724,0
09/15/2026,44.4776,44.4776,44.4776,44.4776,0
09/16/2026,40.6508,40.6508,40.6508,40.6508,0
09/17/2026,32.1835,32.1835,32.1835,32.1835,0
09/18/2026,35.8335,35.8335,35.8335,35.8335,0
09/21/2026,36.6754,36.6754,36.6754,36.6754,0
09/22/2026,36.7901,36.7901,36.7901,36.7901,0
09/23/2026,40.8813,40.8813,40.8813,40.8813,0
09/24/2026,49.5464,49.5464,49.5464,49.5464,0
09/25/2026,52.2279,52.2279,52.2279,52.2279,0
09/28/2026,34.2965,34.2965,34.2965,34.2965,0
09/29/2026,51.6933,51.6933,51.6933,51.6933,0
09/30/2026,38.2541,38.2541,38.2541,38.2541,0
10/01/2026,38.5488,38.5488,38.5488,38.5488,0
10/02/2026,39.7208,39.7208,39.7208,39.7208,0
10/05/2026,49.1455,49.1455,49.1455,49.1455,0
10/06/2026,52.3208,52.3208,52.3208,52.3208,0
