Date,Open,High,Low,Close,Volume
10/10/2024,45.1250,45.1250,45.1250,45.1250,0
10/11/2024,50.0000,50.0000,50.0000,50.0000,0
10/14/2024,48.3750,48.3750,48.3750,48.3750,0
10/15/2024,42.5000,42.5000,42.5000,42.5000,0
10/16/2024,42.5000,42.5000,42.5000,42.5000,0
10/17/2024,47.3750,47.3750,47.3750,47.3750,0
10/18/2024,46.6786,46.6786,46.6786,46.6786,0
10/21/2024,47.3750,47.3750,47.3750,47.3750,0
10/22/2024,47.9167,47.9167,47.9167,47.9167,0
10/23/2024,44.4500,44.4500,44.4500,44.4500,0
10/24/2024,45.1591,45.1591,45.1591,45.1591,0
10/25/2024,51.4375,51.4375,51.4375,51.4375,0
10/28/2024,50.7500,50.7500,50.7500,50.7500,0
10/29/2024,50.8571,50.8571,50.8571,50.8571,0
10/30/2024,48.5637,48.5637,48.5637,48.5637,0
10/31/2024,47.7013,47.7013,47.7013,47.7013,0
11/01/2024,49.0567,49.0567,49.0567,49.0567,0
11/04/2024,48.5958,48.5958,48.5958,48.5958,0
11/05/2024,50.6932,50.6932,50.6932,50.6932,0
11/06/2024,54.5330,54.5330,54.5330,54.5330,0
11/07/2024,60.2444,60.2444,60.2444,60.2444,0
11/08/2024,52.0148,52.0148,52.0148,52.0148,0
11/11/2024,42.3722,42.3722,42.3722,42.3722,0
11/12/2024,44.1096,44.1096,44.1096,44.1096,0
11/13/2024,37.2424,37.2424,37.2424,37.2424,0
11/14/2024,38.1305,38.1305,38.1305,38.1305,0
11/15/2024,33.6222,33.6222,33.6222,33.6222,0
11/18/2024,38.0357,38.0357,38.0357,38.0357,0
11/19/2024,41.6854,41.6854,41.6854,41.6854,0
11/20/2024,38.8986,38.8986,38.8986,38.8986,0
11/21/2024,45.6684,45.6684,45.6684,45.6684,0
11/22/2024,47.3986,47.3986,47.3986,47.3986,0
11/25/2024,49.3658,49.3658,49.3658,49.3658,0
11/26/2024,41.2216,41.2216,41.2216,41.2216,0
11/27/2024,36.3287,36.3287,36.3287,36.3287,0
11/29/2024,49.4590,49.4590,49.4590,49.4590,0
12/02/2024,55.9641,55.9641,55.9641,55.9641,0
12/03/2024,53.4098,53.4098,53.4098,53.4098,0
12/04/2024,57.7383,57.7383,57.7383,57.7383,0
12/05/2024,48.5452,48.5452,48.5452,48.5452,0
12/06/2024,54.1953,54.1953,54.1953,54.1953,0
12/09/2024,54.0407,54.0407,54.0407,54.0407,0
12/10/2024,44.7325,44.7325,44.7325,44.7325,0
12/11/2024,57.4879,57.4879,57.4879,57.4879,0
12/12/2024,52.1546,52.1546,52.1546,52.1546,0
12/13/2024,65.5450,65.5450,65.5450,65.5450,0
12/16/2024,66.0812,66.0812,66.0812,66.0812,0
12/17/2024,62.3624,62.3624,62.3624,62.3624,0
12/18/2024,45.4872,45.4872,45.4872,45.4872,0
12/19/2024,43.0183,43.0183,43.0183,43.0183,0
12/20/2024,49.6607,49.6607,49.6607,49.6607,0
12/23/2024,60.9915,60.9915,60.9915,60.9915,0
12/24/2024,63.2220,63.2220,63.2220,63.2220,0
12/26/2024,63.2464,63.2464,63.2464,63.2464,0
12/27/2024,56.7751,56.7751,56.7751,56.7751,0
12/30/2024,44.2012,44.2012,44.2012,44.2012,0
12/31/2024,40.5769,40.5769,40.5769,40.5769,0
01/02/2025,45.3591,45.3591,45.3591,45.3591,0
01/03/2025,57.5901,57.5901,57.5901,57.5901,0
01/06/2025,68.8550,68.8550,68.8550,68.8550,0
01/07/2025,63.5533,63.5533,63.5533,63.5533,0
01/08/2025,54.0912,54.0912,54.0912,54.0912,0
01/10/2025,43.3162,43.3162,43.3162,43.3162,0
01/13/2025,41.3639,41.3639,41.3639,41.3639,0
01/14/2025,46.0340,46.0340,46.0340,46.0340,0
01/15/2025,56.7296,56.7296,56.7296,56.7296,0
01/16/2025,56.1173,56.1173,56.1173,56.1173,0
01/17/2025,66.7571,66.7571,66.7571,66.7571,0
01/21/2025,68.4470,68.4470,68.4470,68.4470,0
01/22/2025,67.6224,67.6224,67.6224,67.6224,0
01/23/2025,63.7749,63.7749,63.7749,63.7749,0
01/24/2025,56.9441,56.9441,56.9441,56.9441,0
01/27/2025,26.3354,26.3354,26.3354,26.3354,0
01/28/2025,29.2913,29.2913,29.2913,29.2913,0
01/29/2025,32.0166,32.0166,32.0166,32.0166,0
01/30/2025,39.9495,39.9495,39.9495,39.9495,0
01/31/2025,42.4455,42.4455,42.4455,42.4455,0
02/03/2025,32.2527,32.2527,32.2527,32.2527,0
02/04/2025,35.7232,35.7232,35.7232,35.7232,0
02/05/2025,43.0717,43.0717,43.0717,43.0717,0
02/06/2025,44.3442,44.3442,44.3442,44.3442,0
02/07/2025,33.0807,33.0807,33.0807,33.0807,0
02/10/2025,46.7069,46.7069,46.7069,46.7069,0
02/11/2025,45.7014,45.7014,45.7014,45.7014,0
02/12/2025,41.3846,41.3846,41.3846,41.3846,0
02/13/2025,47.6377,47.6377,47.6377,47.6377,0
02/14/2025,53.0091,53.0091,53.0091,53.0091,0
02/18/2025,54.7219,54.7219,54.7219,54.7219,0
02/19/2025,61.0152,61.0152,61.0152,61.0152,0
02/20/2025,59.7925,59.7925,59.7925,59.7925,0
02/21/2025,45.2566,45.2566,45.2566,45.2566,0
02/24/2025,36.7562,36.7562,36.7562,36.7562,0
02/25/2025,32.6731,32.6731,32.6731,32.6731,0
02/26/2025,42.2408,42.2408,42.2408,42.2408,0
02/27/2025,25.6401,25.6401,25.6401,25.6401,0
02/28/2025,31.0434,31.0434,31.0434,31.0434,0
03/03/2025,24.9770,24.9770,24.9770,24.9770,0
03/04/2025,29.3274,29.3274,29.3274,29.3274,0
03/05/2025,33.3377,33.3377,33.3377,33.3377,0
03/06/2025,27.2161,27.2161,27.2161,27.2161,0
03/07/2025,33.3965,33.3965,33.3965,33.3965,0
03/10/2025,26.8720,26.8720,26.8720,26.8720,0
03/11/2025,27.6126,27.6126,27.6126,27.6126,0
03/12/2025,30.8020,30.8020,30.8020,30.8020,0
03/13/2025,29.9039,29.9039,29.9039,29.9039,0
03/14/2025,35.1015,35.1015,35.1015,35.1015,0
03/17/2025,39.5424,39.5424,39.5424,39.5424,0
03/18/2025,32.7096,32.7096,32.7096,32.7096,0
03/19/2025,37.3518,37.3518,37.3518,37.3518,0
03/20/2025,37.4644,37.4644,37.4644,37.4644,0
03/21/2025,36.3638,36.3638,36.3638,36.3638,0
03/24/2025,45.3152,45.3152,45.3152,45.3152,0
03/25/2025,43.8180,43.8180,43.8180,43.8180,0
03/26/2025,37.6773,37.6773,37.6773,37.6773,0
03/27/2025,31.4063,31.4063,31.4063,31.4063,0
03/28/2025,28.0527,28.0527,28.0527,28.0527,0
03/31/2025,31.6858,31.6858,31.6858,31.6858,0
04/01/2025,32.0526,32.0526,32.0526,32.0526,0
04/02/2025,37.3378,37.3378,37.3378,37.3378,0
04/03/2025,23.0732,23.0732,23.0732,23.0732,0
04/04/2025,22.4881,22.4881,22.4881,22.4881,0
04/07/2025,26.2074,26.2074,26.2074,26.2074,0
04/08/2025,30.9773,30.9773,30.9773,30.9773,0
04/09/2025,34.8959,34.8959,34.8959,34.8959,0
04/10/2025,27.8811,27.8811,27.8811,27.8811,0
04/11/2025,33.6237,33.6237,33.6237,33.6237,0
04/14/2025,33.6775,33.6775,33.6775,33.6775,0
04/15/2025,34.2872,34.2872,34.2872,34.2872,0
04/16/2025,26.5222,26.5222,26.5222,26.5222,0
04/17/2025,30.4648,30.4648,30.4648,30.4648,0
04/21/2025,25.9001,25.9001,25.9001,25.9001,0
04/22/2025,34.8719,34.8719,34.8719,34.8719,0
04/23/2025,39.2340,39.2340,39.2340,39.2340,0
04/24/2025,49.1765,49.1765,49.1765,49.1765,0
04/25/2025,51.7787,51.7787,51.7787,51.7787,0
04/28/2025,51.8449,51.8449,51.8449,51.8449,0
04/29/2025,47.7809,47.7809,47.7809,47.7809,0
04/30/2025,47.9938,47.9938,47.9938,47.9938,0
05/01/2025,57.4122,57.4122,57.4122,57.4122,0
05/02/2025,64.3612,64.3612,64.3612,64.3612,0
05/05/2025,60.0979,60.0979,60.0979,60.0979,0
05/06/2025,58.0584,58.0584,58.0584,58.0584,0
05/07/2025,60.4538,60.4538,60.4538,60.4538,0
05/08/2025,62.6081,62.6081,62.6081,62.6081,0
05/09/2025,64.8889,64.8889,64.8889,64.8889,0
05/12/2025,71.9648,71.9648,71.9648,71.9648,0
05/13/2025,67.4352,67.4352,67.4352,67.4352,0
05/14/2025,69.1141,69.1141,69.1141,69.1141,0
05/15/2025,69.6725,69.6725,69.6725,69.6725,0
05/16/2025,66.7490,66.7490,66.7490,66.7490,0
05/19/2025,65.6563,65.6563,65.6563,65.6563,0
05/20/2025,64.5728,64.5728,64.5728,64.5728,0
05/21/2025,61.6620,61.6620,61.6620,61.6620,0
05/22/2025,54.7320,54.7320,54.7320,54.7320,0
05/23/2025,52.5356,52.5356,52.5356,52.5356,0
05/27/2025,58.3903,58.3903,58.3903,58.3903,0
05/28/2025,61.3530,61.3530,61.3530,61.3530,0
05/29/2025,57.4836,57.4836,57.4836,57.4836,0
05/30/2025,54.7258,54.7258,54.7258,54.7258,0
06/02/2025,59.0581,59.0581,59.0581,59.0581,0
06/03/2025,60.7390,60.7390,60.7390,60.7390,0
06/04/2025,62.4450,62.4450,62.4450,62.4450,0
06/05/2025,61.9103,61.9103,61.9103,61.9103,0
06/06/2025,63.3779,63.3779,63.3779,63.3779,0
06/09/2025,65.9548,65.9548,65.9548,65.9548,0
06/10/2025,66.7855,66.7855,66.7855,66.7855,0
06/11/2025,66.4011,66.4011,66.4011,66.4011,0
06/12/2025,65.5695,65.5695,65.5695,65.5695,0
06/13/2025,61.3802,61.3802,61.3802,61.3802,0
06/16/2025,66.0317,66.0317,66.0317,66.0317,0
06/17/2025,63.7807,63.7807,63.7807,63.7807,0
06/18/2025,62.6031,62.6031,62.6031,62.6031,0
06/20/2025,61.9021,61.9021,61.9021,61.9021,0
06/23/2025,63.8292,63.8292,63.8292,63.8292,0
06/24/2025,67.7377,67.7377,67.7377,67.7377,0
06/25/2025,66.5974,66.5974,66.5974,66.5974,0
06/26/2025,67.2686,67.2686,67.2686,67.2686,0
06/27/2025,69.4533,69.4533,69.4533,69.4533,0
06/30/2025,68.9609,68.9609,68.9609,68.9609,0
07/01/2025,66.5726,66.5726,66.5726,66.5726,0
07/02/2025,66.5988,66.5988,66.5988,66.5988,0
07/03/2025,61.2519,61.2519,61.2519,61.2519,0
07/07/2025,54.8085,54.8085,54.8085,54.8085,0
07/08/2025,61.9622,61.9622,61.9622,61.9622,0
07/09/2025,58.3465,58.3465,58.3465,58.3465,0
07/10/2025,67.1618,67.1618,67.1618,67.1618,0
07/11/2025,61.9964,61.9964,61.9964,61.9964,0
07/14/2025,53.6783,53.6783,53.6783,53.6783,0
07/15/2025,59.2014,59.2014,59.2014,59.2014,0
07/16/2025,53.0172,53.0172,53.0172,53.0172,0
07/17/2025,58.7293,58.7293,58.7293,58.7293,0
07/18/2025,60.1891,60.1891,60.1891,60.1891,0
07/21/2025,62.7633,62.7633,62.7633,62.7633,0
07/22/2025,47.4110,47.4110,47.4110,47.4110,0
07/23/2025,42.9307,42.9307,42.9307,42.9307,0
07/24/2025,42.3036,42.3036,42.3036,42.3036,0
07/25/2025,50.3559,50.3559,50.3559,50.3559,0
07/28/2025,56.6384,56.6384,56.6384,56.6384,0
07/29/2025,57.6975,57.6975,57.6975,57.6975,0
07/30/2025,59.6464,59.6464,59.6464,59.6464,0
07/31/2025,35.5815,35.5815,35.5815,35.5815,0
08/01/2025,39.3147,39.3147,39.3147,39.3147,0
08/04/2025,40.2167,40.2167,40.2167,40.2167,0
08/05/2025,40.2036,40.2036,40.2036,40.2036,0
08/06/2025,35.1672,35.1672,35.1672,35.1672,0
08/07/2025,46.6501,46.6501,46.6501,46.6501,0
08/08/2025,50.5749,50.5749,50.5749,50.5749,0
08/11/2025,49.2927,49.2927,49.2927,49.2927,0
08/12/2025,59.1029,59.1029,59.1029,59.1029,0
08/13/2025,61.6151,61.6151,61.6151,61.6151,0
08/14/2025,59.9956,59.9956,59.9956,59.9956,0
08/15/2025,45.1122,45.1122,45.1122,45.1122,0
08/18/2025,46.4244,46.4244,46.4244,46.4244,0
08/19/2025,43.9763,43.9763,43.9763,43.9763,0
08/20/2025,40.8255,40.8255,40.8255,40.8255,0
08/21/2025,40.6476,40.6476,40.6476,40.6476,0
08/22/2025,52.5378,52.5378,52.5378,52.5378,0
08/25/2025,48.6866,48.6866,48.6866,48.6866,0
08/26/2025,50.0351,50.0351,50.0351,50.0351,0
08/27/2025,50.1401,50.1401,50.1401,50.1401,0
08/28/2025,57.8437,57.8437,57.8437,57.8437,0
08/29/2025,40.3822,40.3822,40.3822,40.3822,0
09/02/2025,38.1870,38.1870,38.1870,38.1870,0
09/03/2025,35.3277,35.3277,35.3277,35.3277,0
09/04/2025,35.9405,35.9405,35.9405,35.9405,0
09/05/2025,43.8148,43.8148,43.8148,43.8148,0
09/08/2025,44.8383,44.8383,44.8383,44.8383,0
09/09/2025,46.6903,46.6903,46.6903,46.6903,0
09/10/2025,55.8361,55.8361,55.8361,55.8361,0
09/11/2025,58.3607,58.3607,58.3607,58.3607,0
09/12/2025,53.2689,53.2689,53.2689,53.2689,0
09/15/2025,57.0404,57.0404,57.0404,57.0404,0
09/16/2025,59.7323,59.7323,59.7323,59.7323,0
09/17/2025,56.3143,56.3143,56.3143,56.3143,0
09/18/2025,60.4076,60.4076,60.4076,60.4076,0
09/19/2025,57.4957,57.4957,57.4957,57.4957,0
09/22/2025,61.0722,61.0722,61.0722,61.0722,0
09/23/2025,62.2038,62.2038,62.2038,62.2038,0
09/24/2025,60.0236,60.0236,60.0236,60.0236,0
09/25/2025,58.1284,58.1284,58.1284,58.1284,0
09/26/2025,57.4147,57.4147,57.4147,57.4147,0
09/29/2025,60.8258,60.8258,60.8258,60.8258,0
09/30/2025,59.9513,59.9513,59.9513,59.9513,0
10/01/2025,65.4036,65.4036,65.4036,65.4036,0
10/02/2025,67.4592,67.4592,67.4592,67.4592,0
10/03/2025,61.4820,61.4820,61.4820,61.4820,0
10/06/2025,63.6992,63.6992,63.6992,63.6992,0
10/07/2025,54.8613,54.8613,54.8613,54.8613,0
10/08/2025,61.9327,61.9327,61.9327,61.9327,0
10/09/2025,62.4726,62.4726,62.4726,62.4726,0
10/10/2025,37.6968,37.6968,37.6968,37.6968,0
10/13/2025,53.3208,53.3208,53.3208,53.3208,0
10/14/2025,43.7148,43.7148,43.7148,43.7148,0
10/15/2025,51.7888,51.7888,51.7888,51.7888,0
10/16/2025,54.9337,54.9337,54.9337,54.9337,0
10/17/2025,52.5753,52.5753,52.5753,52.5753,0
10/20/2025,58.9916,58.9916,58.9916,58.9916,0
10/21/2025,51.5494,51.5494,51.5494,51.5494,0
10/22/2025,39.6044,39.6044,39.6044,39.6044,0
10/23/2025,55.0783,55.0783,55.0783,55.0783,0
10/24/2025,60.3710,60.3710,60.3710,60.3710,0
10/27/2025,62.3635,62.3635,62.3635,62.3635,0
10/28/2025,58.7206,58.7206,58.7206,58.7206,0
10/29/2025,61.3456,61.3456,61.3456,61.3456,0
10/30/2025,59.9133,59.9133,59.9133,59.9133,0
10/31/2025,54.3881,54.3881,54.3881,54.3881,0
11/03/2025,57.2230,57.2230,57.2230,57.2230,0
11/04/2025,40.5269,40.5269,40.5269,40.5269,0
11/05/2025,50.5089,50.5089,50.5089,50.5089,0
11/06/2025,39.9993,39.9993,39.9993,39.9993,0
11/07/2025,37.3948,37.3948,37.3948,37.3948,0
11/10/2025,47.5302,47.5302,47.5302,47.5302,0
11/11/2025,37.8794,37.8794,37.8794,37.8794,0
11/12/2025,42.4807,42.4807,42.4807,42.4807,0
11/13/2025,29.3996,29.3996,29.3996,29.3996,0
11/14/2025,30.4097,30.4097,30.4097,30.4097,0
11/17/2025,28.5849,28.5849,28.5849,28.5849,0
11/18/2025,27.1111,27.1111,27.1111,27.1111,0
11/19/2025,32.8853,32.8853,32.8853,32.8853,0
11/20/2025,28.0725,28.0725,28.0725,28.0725,0
11/21/2025,30.2413,30.2413,30.2413,30.2413,0
11/24/2025,36.8631,36.8631,36.8631,36.8631,0
11/25/2025,34.7332,34.7332,34.7332,34.7332,0
11/26/2025,41.3490,41.3490,41.3490,41.3490,0
11/28/2025,42.5758,42.5758,42.5758,42.5758,0
12/01/2025,42.5938,42.5938,42.5938,42.5938,0
12/02/2025,49.2724,49.2724,49.2724,49.2724,0
12/03/2025,56.9467,56.9467,56.9467,56.9467,0
12/04/2025,53.3499,53.3499,53.3499,53.3499,0
12/05/2025,60.6975,60.6975,60.6975,60.6975,0
12/08/2025,61.7410,61.7410,61.7410,61.7410,0
12/09/2025,57.4265,57.4265,57.4265,57.4265,0
12/10/2025,63.5834,63.5834,63.5834,63.5834,0
12/11/2025,59.7060,59.7060,59.7060,59.7060,0
12/12/2025,42.4200,42.4200,42.4200,42.4200,0
12/15/2025,43.4676,43.4676,43.4676,43.4676,0
12/16/2025,40.8317,40.8317,40.8317,40.8317,0
12/17/2025,33.5794,33.5794,33.5794,33.5794,0
12/18/2025,41.9840,41.9840,41.9840,41.9840,0
12/19/2025,49.7712,49.7712,49.7712,49.7712,0
12/22/2025,50.1946,50.1946,50.1946,50.1946,0
12/23/2025,51.0761,51.0761,51.0761,51.0761,0
12/24/2025,52.5079,52.5079,52.5079,52.5079,0
12/26/2025,50.0487,50.0487,50.0487,50.0487,0
12/29/2025,47.4848,47.4848,47.4848,47.4848,0
12/30/2025,41.0921,41.0921,41.0921,41.0921,0
12/31/2025,36.1450,36.1450,36.1450,36.1450,0
01/02/2026,54.0335,54.0335,54.0335,54.0335,0
01/05/2026,62.0304,62.0304,62.0304,62.0304,0
01/06/2026,66.5161,66.5161,66.5161,66.5161,0
01/07/2026,60.2758,60.2758,60.2758,60.2758,0
01/08/2026,51.1072,51.1072,51.1072,51.1072,0
01/09/2026,62.1782,62.1782,62.1782,62.1782,0
01/12/2026,66.6195,66.6195,66.6195,66.6195,0
01/13/2026,69.3582,69.3582,69.3582,69.3582,0
01/14/2026,60.1729,60.1729,60.1729,60.1729,0
01/15/2026,70.0414,70.0414,70.0414,70.0414,0
01/16/2026,66.9584,66.9584,66.9584,66.9584,0
01/20/2026,57.8939,57.8939,57.8939,57.8939,0
01/21/2026,62.7658,62.7658,62.7658,62.7658,0
01/22/2026,63.4328,63.4328,63.4328,63.4328,0
01/23/2026,58.1111,58.1111,58.1111,58.1111,0
01/26/2026,56.1102,56.1102,56.1102,56.1102,0
01/27/2026,60.4062,60.4062,60.4062,60.4062,0
01/28/2026,64.7934,64.7934,64.7934,64.7934,0
01/29/2026,64.2569,64.2569,64.2569,64.2569,0
01/30/2026,50.1836,50.1836,50.1836,50.1836,0
02/02/2026,53.5931,53.5931,53.5931,53.5931,0
02/03/2026,46.2825,46.2825,46.2825,46.2825,0
02/04/2026,32.7866,32.7866,32.7866,32.7866,0
02/05/2026,33.3763,33.3763,33.3763,33.3763,0
02/06/2026,46.1788,46.1788,46.1788,46.1788,0
02/09/2026,48.1260,48.1260,48.1260,48.1260,0
02/10/2026,45.4437,45.4437,45.4437,45.4437,0
02/11/2026,52.9543,52.9543,52.9543,52.9543,0
02/12/2026,44.9633,44.9633,44.9633,44.9633,0
02/13/2026,45.1713,45.1713,45.1713,45.1713,0
02/17/2026,44.1271,44.1271,44.1271,44.1271,0
02/18/2026,47.2508,47.2508,47.2508,47.2508,0
02/19/2026,43.0618,43.0618,43.0618,43.0618,0
02/20/2026,47.3942,47.3942,47.3942,47.3942,0
02/23/2026,44.2891,44.2891,44.2891,44.2891,0
02/24/2026,52.5069,52.5069,52.5069,52.5069,0
02/25/2026,57.8927,57.8927,57.8927,57.8927,0
02/26/2026,41.7453,41.7453,41.7453,41.7453,0
02/27/2026,38.1642,38.1642,38.1642,38.1642,0
03/02/2026,36.9646,36.9646,36.9646,36.9646,0
03/03/2026,26.6695,26.6695,26.6695,26.6695,0
03/04/2026,32.0613,32.0613,32.0613,32.0613,0
03/05/2026,30.1842,30.1842,30.1842,30.1842,0
03/06/2026,25.1950,25.1950,25.1950,25.1950,0
03/09/2026,32.5255,32.5255,32.5255,32.5255,0
03/10/2026,34.6056,34.6056,34.6056,34.6056,0
03/11/2026,36.0118,36.0118,36.0118,36.0118,0
03/12/2026,28.7792,28.7792,28.7792,28.7792,0
03/13/2026,30.5828,30.5828,30.5828,30.5828,0
03/16/2026,34.8035,34.8035,34.8035,34.8035,0
03/17/2026,34.4868,34.4868,34.4868,34.4868,0
03/18/2026,34.7280,34.7280,34.7280,34.7280,0
03/19/2026,35.1291,35.1291,35.1291,35.1291,0
03/20/2026,29.2381,29.2381,29.2381,29.2381,0
03/23/2026,38.9350,38.9350,38.9350,38.9350,0
03/24/2026,38.5138,38.5138,38.5138,38.5138,0
03/25/2026,46.3578,46.3578,46.3578,46.3578,0
03/26/2026,29.6938,29.6938,29.6938,29.6938,0
03/27/2026,30.0874,30.0874,30.0874,30.0874,0
03/30/2026,25.6670,25.6670,25.6670,25.6670,0
03/31/2026,39.7437,39.7437,39.7437,39.7437,0
04/01/2026,47.7347,47.7347,47.7347,47.7347,0
04/02/2026,48.2283,48.2283,48.2283,48.2283,0
04/06/2026,55.8571,55.8571,55.8571,55.8571,0
04/07/2026,53.9451,53.9451,53.9451,53.9451,0
04/08/2026,65.1181,65.1181,65.1181,65.1181,0
04/09/2026,66.1290,66.1290,66.1290,66.1290,0
04/10/2026,68.0093,68.0093,68.0093,68.0093,0
04/13/2026,67.4723,67.4723,67.4723,67.4723,0
04/14/2026,67.4427,67.4427,67.4427,67.4427,0
04/15/2026,69.2465,69.2465,69.2465,69.2465,0
04/16/2026,68.9720,68.9720,68.9720,68.9720,0
04/17/2026,70.3153,70.3153,70.3153,70.3153,0
04/20/2026,73.3536,73.3536,73.3536,73.3536,0
04/21/2026,68.4071,68.4071,68.4071,68.4071,0
04/22/2026,69.8125,69.8125,69.8125,69.8125,0
04/23/2026,73.3875,73.3875,73.3875,73.3875,0
04/24/2026,50.2000,50.2000,50.2000,50.2000,0
04/27/2026,50.7606,50.7606,50.7606,50.7606,0
04/28/2026,69.3596,69.3596,69.3596,69.3596,0
04/29/2026,58.3883,58.3883,58.3883,58.3883,0
04/30/2026,55.1641,55.1641,55.1641,55.1641,0
05/01/2026,73.3627,73.3627,73.3627,73.3627,0
05/04/2026,63.3211,63.3211,63.3211,63.3211,0
05/05/2026,70.6404,70.6404,70.6404,70.6404,0
05/06/2026,66.3590,66.3590,66.3590,66.3590,0
05/07/2026,61.1879,61.1879,61.1879,61.1879,0
05/08/2026,67.7227,67.7227,67.7227,67.7227,0
05/11/2026,67.1978,67.1978,67.1978,67.1978,0
05/12/2026,59.0900,59.0900,59.0900,59.0900,0
05/13/2026,64.8274,64.8274,64.8274,64.8274,0
05/14/2026,62.9153,62.9153,62.9153,62.9153,0
05/15/2026,56.4060,56.4060,56.4060,56.4060,0
05/18/2026,52.5633,52.5633,52.5633,52.5633,0
05/19/2026,51.2746,51.2746,51.2746,51.2746,0
05/20/2026,59.9414,59.9414,59.9414,59.9414,0
05/21/2026,61.4090,61.4090,61.4090,61.4090,0
05/22/2026,65.8569,65.8569,65.8569,65.8569,0
05/26/2026,67.5154,67.5154,67.5154,67.5154,0
05/27/2026,58.1375,58.1375,58.1375,58.1375,0
05/28/2026,59.3462,59.3462,59.3462,59.3462,0
05/29/2026,59.0416,59.0416,59.0416,59.0416,0
06/01/2026,58.3558,58.3558,58.3558,58.3558,0
06/02/2026,70.2639,70.2639,70.2639,70.2639,0
06/03/2026,68.8579,68.8579,68.8579,68.8579,0
06/04/2026,59.2804,59.2804,59.2804,59.2804,0
06/05/2026,38.7760,38.7760,38.7760,38.7760,0
06/08/2026,46.3043,46.3043,46.3043,46.3043,0
06/09/2026,43.0099,43.0099,43.0099,43.0099,0
06/10/2026,40.5556,40.5556,40.5556,40.5556,0
06/11/2026,52.9170,52.9170,52.9170,52.9170,0
06/12/2026,55.5533,55.5533,55.5533,55.5533,0
06/15/2026,59.4889,59.4889,59.4889,59.4889,0
06/16/2026,52.1099,52.1099,52.1099,52.1099,0
06/17/2026,51.1482,51.1482,51.1482,51.1482,0
06/18/2026,62.2092,62.2092,62.2092,62.2092,0
06/22/2026,64.8802,64.8802,64.8802,64.8802,0
06/23/2026,42.5547,42.5547,42.5547,42.5547,0
06/24/2026,37.4557,37.4557,37.4557,37.4557,0
06/25/2026,45.1250,45.1250,45.1250,45.1250,0
06/26/2026,34.9482,34.9482,34.9482,34.9482,0
06/29/2026,41.6855,41.6855,41.6855,41.6855,0
06/30/2026,54.1784,54.1784,54.1784,54.1784,0
07/01/2026,36.0338,36.0338,36.0338,36.0338,0
07/02/2026,27.1902,27.1902,27.1902,27.1902,0
07/06/2026,32.0971,32.0971,32.0971,32.0971,0
07/07/2026,26.9794,26.9794,26.9794,26.9794,0
07/08/2026,31.2378,31.2378,31.2378,31.2378,0
07/09/2026,35.5065,35.5065,35.5065,35.5065,0
07/10/2026,34.0819,34.0819,34.0819,34.0819,0
07/13/2026,24.9728,24.9728,24.9728,24.9728,0
07/14/2026,30.4323,30.4323,30.4323,30.4323,0
07/15/2026,25.9189,25.9189,25.9189,25.9189,0
07/16/2026,26.1605,26.1605,26.1605,26.1605,0
07/17/2026,28.7130,28.7130,28.7130,28.7130,0
07/20/2026,27.9831,27.9831,27.9831,27.9831,0
07/21/2026,31.7726,31.7726,31.7726,31.7726,0
07/22/2026,36.9236,36.9236,36.9236,36.9236,0
07/23/2026,36.7822,36.7822,36.7822,36.7822,0
07/24/2026,27.3477,27.3477,27.3477,27.3477,0
07/27/2026,26.6010,26.6010,26.6010,26.6010,0
07/28/2026,25.7452,25.7452,25.7452,25.7452,0
07/29/2026,25.8074,25.8074,25.8074,25.8074,0
07/30/2026,33.5690,33.5690,33.5690,33.5690,0
07/31/2026,33.7426,33.7426,33.7426,33.7426,0
08/03/2026,31.5056,31.5056,31.5056,31.5056,0
08/04/2026,39.7842,39.7842,39.7842,39.7842,0
08/05/2026,41.9642,41.9642,41.9642,41.9642,0
08/06/2026,39.4408,39.4408,39.4408,39.4408,0
08/07/2026,44.3176,44.3176,44.3176,44.3176,0
08/10/2026,41.8068,41.8068,41.8068,41.8068,0
08/11/2026,40.2127,40.2127,40.2127,40.2127,0
08/12/2026,50.6348,50.6348,50.6348,50.6348,0
08/13/2026,51.4185,51.4185,51.4185,51.4185,0
08/14/2026,53.4520,53.4520,53.4520,53.4520,0
08/17/2026,55.6925,55.6925,55.6925,55.6925,0
08/18/2026,46.0179,46.0179,46.0179,46.0179,0
08/19/2026,36.0646,36.0646,36.0646,36.0646,0
08/20/2026,38.9430,38.9430,38.9430,38.9430,0
08/21/2026,39.5950,39.5950,39.5950,39.5950,0
08/24/2026,32.7581,32.7581,32.7581,32.7581,0
08/25/2026,38.6742,38.6742,38.6742,38.6742,0
08/26/2026,36.9462,36.9462,36.9462,36.9462,0
08/27/2026,43.6079,43.6079,43.6079,43.6079,0
08/28/2026,32.2671,32.2671,32.2671,32.2671,0
08/31/2026,16.1456,16.1456,16.1456,16.1456,0
09/01/2026,11.7864,11.7864,11.7864,11.7864,0
09/02/2026,30.0042,30.0042,30.0042,30.0042,0
09/03/2026,31.3006,31.3006,31.3006,31.3006,0
09/04/2026,21.8473,21.8473,21.8473,21.8473,0
09/08/2026,37.4494,37.4494,37.4494,37.4494,0
09/09/2026,37.2095,37.2095,37.2095,37.2095,0
09/10/2026,32.1615,32.1615,32.1615,32.1615,0
09/11/2026,29.7798,29.7798,29.7798,29.7798,0
09/14/2026,24.0554,24.0554,24.0554,24.0554,0
09/15/2026,12.8782,12.8782,12.8782,12.8782,0
09/16/2026,28.1168,28.1168,28.1168,28.1168,0
09/17/2026,34.7848,34.7848,34.7848,34.7848,0
09/18/2026,49.8715,49.8715,49.8715,49.8715,0
09/21/2026,46.6321,46.6321,46.6321,46.6321,0
09/22/2026,48.6595,48.6595,48.6595,48.6595,0
09/23/2026,50.9868,50.9868,50.9868,50.9868,0
09/24/2026,46.9267,46.9267,46.9267,46.9267,0
09/25/2026,50.6694,50.6694,50.6694,50.6694,0
09/28/2026,43.0681,43.0681,43.0681,43.0681,0
09/29/2026,45.7278,45.7278,45.7278,45.7278,0
09/30/2026,46.4817,46.4817,46.4817,46.4817,0
10/01/2026,52.1636,52.1636,52.1636,52.1636,0
10/02/2026,55.2175,55.2175,55.2175,55.2175,0
10/05/2026,39.9821,39.9821,39.9821,39.9821,0
10/06/2026,46.5788,46.5788,46.5788,46.5788,0
10/07/2026,43.4496,43.4496,43.4496,43.4496,0
10/08/2026,50.9435,50.9435,50.9435,50.9435,0
